1 1 1 1 10 40.712817 -74.006032 0.3 0.6 0.29 30.0 0 0 0 15.14 101321.4 0.3 15.24 61.96
1 1 1 1 8 40.712865 -74.006061 0.9 1.29 -0.84 29.8 0 0 0 14.71 101314.21 0.9 14.81 59.72
1 1 1 1 9 40.712911 -74.006109 1.79 0.69 -1.31 29.6 0 0 0 15.25 101303.47 1.79 15.35 61.02
1 1 1 1 7 40.712953 -74.00614 2.98 -0.2 -1.85 29.4 0 0 0 14.78 101289.21 2.98 14.88 61.93
1 1 1 1 8 40.713 -74.006153 4.46 -1.45 1.26 29.2 0 0 0 15.09 101271.43 4.46 15.19 61.63
1 1 1 1 9 40.713013 -74.006165 6.23 1.14 1.42 29.0 0 0 0 15.22 101250.18 6.23 15.32 59.42
1 1 1 1 9 40.713053 -74.00619 8.29 -0.37 0.06 28.8 0 0 0 14.94 101225.47 8.29 15.04 58.08
1 1 1 1 10 40.713065 -74.006227 10.63 -1.82 0.68 28.6 0 0 0 15.02 101197.34 10.63 15.12 61.01
1 1 1 1 7 40.713091 -74.006249 13.26 1.62 -1.18 28.4 0 0 0 14.95 101165.81 13.26 15.05 59.95
1 1 1 1 10 40.713115 -74.006284 16.17 -0.64 -0.65 28.2 0 0 0 14.75 101130.9 16.17 14.85 61.64
1 1 1 1 10 40.713139 -74.006312 19.36 0.75 1.22 28.0 0 0 0 14.88 101092.64 19.36 14.98 59.38
1 1 1 1 8 40.713176 -74.00634 22.83 -1.17 0.77 27.8 0 0 0 15.06 101051.06 22.83 15.16 59.08
1 1 1 1 9 40.713198 -74.006366 26.57 -1.98 -1.51 27.6 0 0 0 14.64 101006.19 26.57 14.74 61.11
1 1 1 1 7 40.713216 -74.006411 30.59 -1.04 -1.02 27.4 0 0 0 14.86 100958.06 30.59 14.96 61.81
1 1 1 1 9 40.713233 -74.006448 34.88 -0.43 -0.04 27.2 0 0 0 14.57 100906.68 34.88 14.67 57.95
1 1 1 1 8 40.713279 -74.006477 39.44 -0.91 -1.19 27.0 0 0 0 14.9 100852.1 39.44 15.0 60.89
1 1 1 1 8 40.713314 -74.006515 44.27 1.11 -1.06 26.8 0 0 0 14.81 100794.33 44.27 14.91 60.03
1 1 1 1 7 40.713364 -74.006558 49.36 1.85 1.38 26.6 0 0 0 14.87 100733.41 49.36 14.97 61.51
1 1 1 1 10 40.713409 -74.006593 54.72 1.7 1.53 26.4 0 0 0 14.4 100669.36 54.72 14.5 57.84
1 1 1 1 9 40.713422 -74.006628 60.34 -1.38 1.12 26.2 0 0 0 14.39 100602.22 60.34 14.49 60.51
1 1 1 1 7 40.71346 -74.006677 66.22 0.7 0.22 26.0 0 0 0 14.51 100532.01 66.22 14.61 57.91
1 1 1 1 9 40.713507 -74.006716 72.36 -0.55 -0.17 25.8 0 0 0 14.3 100458.77 72.36 14.4 59.63
1 1 1 1 10 40.713552 -74.006748 78.75 1.14 0.08 25.6 0 0 0 14.75 100382.51 78.75 14.85 58.21
1 1 1 1 8 40.713601 -74.006759 85.4 0.84 1.79 25.4 0 0 0 14.41 100303.27 85.4 14.51 61.36
1 1 1 1 10 40.713621 -74.006777 92.3 1.26 0.39 25.2 0 0 0 14.66 100221.09 92.3 14.76 57.58
1 1 1 1 7 40.713642 -74.006824 99.45 -0.45 1.54 25.0 0 0 0 14.26 100135.98 99.45 14.36 58.88
1 1 1 1 7 40.713679 -74.006848 106.85 -1.53 -1.72 24.8 0 0 0 14.48 100047.99 106.85 14.58 59.53
1 1 1 1 10 40.713715 -74.006872 114.49 -0.01 0.05 24.6 0 0 0 13.98 99957.13 114.49 14.08 60.56
1 1 1 1 10 40.713755 -74.006919 122.38 1.72 0.66 24.4 0 0 0 14.27 99863.44 122.38 14.37 60.9
1 1 1 1 7 40.71379 -74.006957 130.51 0.78 1.63 24.2 0 0 0 14.18 99766.95 130.51 14.28 60.09
1 1 1 1 9 40.713818 -74.006998 138.88 0.36 -0.71 24.0 0 0 0 13.85 99667.7 138.88 13.95 58.86
1 1 1 1 7 40.713833 -74.007047 147.49 1.04 -1.95 23.8 0 0 0 14.25 99565.7 147.49 14.35 57.5
1 1 1 1 10 40.713862 -74.007085 156.33 0.04 -0.86 23.6 0 0 0 14.16 99461.0 156.33 14.26 59.52
1 1 1 1 10 40.713886 -74.007113 165.41 -1.85 1.28 23.4 0 0 0 14.2 99353.62 165.41 14.3 57.91
1 1 1 1 7 40.713934 -74.007158 174.72 -0.95 -0.82 23.2 0 0 0 13.77 99243.59 174.72 13.87 57.61
1 1 1 1 9 40.713973 -74.007204 184.26 -0.34 -0.62 23.0 0 0 0 13.61 99130.95 184.26 13.71 60.95
1 1 1 1 10 40.714023 -74.007253 194.03 -0.15 1.32 22.8 0 0 0 14.0 99015.72 194.03 14.1 59.54
1 1 1 1 10 40.714047 -74.007281 204.02 1.63 -1.55 22.6 0 0 0 13.51 98897.94 204.02 13.61 58.34
1 1 1 1 9 40.71406 -74.007319 214.24 0.37 0.36 22.4 0 0 0 13.41 98777.63 214.24 13.51 59.18
1 1 1 1 9 40.714104 -74.007343 224.68 -0.53 -0.17 22.2 0 0 0 13.35 98654.84 224.68 13.45 60.17
1 1 1 1 7 40.714135 -74.007364 235.34 -1.47 1.67 22.0 0 0 0 13.19 98529.58 235.34 13.29 57.56
1 1 1 1 7 40.714174 -74.00739 246.22 -1.46 -0.44 21.8 0 0 0 13.22 98401.89 246.22 13.32 59.09
1 1 1 1 10 40.714216 -74.007422 257.31 -1.64 1.95 21.6 0 0 0 13.51 98271.81 257.31 13.61 60.17
1 1 1 1 8 40.714259 -74.007436 268.62 1.35 1.0 21.4 0 0 0 13.02 98139.36 268.62 13.12 57.25
1 1 1 1 7 40.714289 -74.007457 280.14 -0.71 -0.5 21.2 0 0 0 13.23 98004.58 280.14 13.33 58.8
1 1 1 1 9 40.714304 -74.007505 291.87 0.1 -0.52 21.0 0 0 0 13.36 97867.5 291.87 13.46 57.43
1 1 1 1 10 40.714334 -74.007525 303.81 -0.39 1.18 20.8 0 0 0 12.8 97728.14 303.81 12.9 57.47
1 1 1 1 9 40.71438 -74.007573 315.95 1.16 0.69 20.6 0 0 0 13.01 97586.54 315.95 13.11 60.41
1 1 1 1 7 40.714397 -74.007617 328.3 -0.57 -0.73 20.4 0 0 0 13.11 97442.74 328.3 13.21 58.7
1 1 1 1 10 40.714421 -74.007635 340.85 1.51 -1.64 20.2 0 0 0 12.83 97296.76 340.85 12.93 56.35
1 1 1 1 10 40.714461 -74.007661 353.6 -1.79 -0.02 20.0 0 0 0 12.71 97148.63 353.6 12.81 59.89
1 1 1 1 10 40.714498 -74.007691 366.55 -0.26 -1.96 19.8 0 0 0 12.78 96998.39 366.55 12.88 58.76
1 1 1 1 10 40.714517 -74.007738 379.69 -0.79 -0.14 19.6 0 0 0 12.52 96846.07 379.69 12.62 59.73
1 1 1 1 9 40.714533 -74.007764 393.03 -1.56 0.32 19.4 0 0 0 12.36 96691.7 393.03 12.46 58.3
1 1 1 1 7 40.714565 -74.007787 406.56 1.81 -0.11 19.2 0 0 0 12.57 96535.31 406.56 12.67 59.49
1 1 1 1 7 40.714612 -74.007828 420.28 0.85 0.14 19.0 0 0 0 12.26 96376.93 420.28 12.36 56.33
1 1 1 1 10 40.714659 -74.007854 434.19 0.21 1.49 18.8 0 0 0 12.22 96216.59 434.19 12.32 59.79
1 1 1 1 10 40.714685 -74.007877 448.28 -1.7 1.18 18.6 0 0 0 12.21 96054.34 448.28 12.31 56.95
1 1 1 1 10 40.714714 -74.00792 462.56 0.93 0.68 18.4 0 0 0 12.08 95890.19 462.56 12.18 59.48
1 1 1 1 9 40.714739 -74.007941 477.02 1.94 -1.91 18.2 0 0 0 12.15 95724.18 477.02 12.25 57.29
1 1 1 1 7 40.714751 -74.007969 491.66 1.63 -0.94 18.0 0 0 0 11.84 95556.34 491.66 11.94 55.84
1 1 1 1 9 40.714796 -74.007981 506.48 0.77 0.06 17.8 0 0 0 11.76 95386.7 506.48 11.86 57.87
1 1 1 1 10 40.71483 -74.008005 521.47 1.9 1.34 17.6 0 0 0 11.4 95215.3 521.47 11.5 57.88
1 1 1 1 7 40.71486 -74.008033 536.64 -1.33 1.15 17.4 0 0 0 11.38 95042.16 536.64 11.48 56.14
1 1 1 1 9 40.714902 -74.008053 551.98 -1.17 0.05 17.2 0 0 0 11.34 94867.32 551.98 11.44 56.12
1 1 1 1 8 40.714921 -74.008084 567.49 0.08 -1.04 17.0 0 0 0 11.37 94690.8 567.49 11.47 56.73
1 1 1 1 10 40.714937 -74.008097 583.17 0.94 0.28 16.8 0 0 0 11.15 94512.65 583.17 11.25 57.92
1 1 1 1 7 40.714986 -74.008118 599.01 1.88 1.87 16.6 0 0 0 11.26 94332.88 599.01 11.36 57.45
1 1 1 1 7 40.715013 -74.008165 615.02 -1.99 -1.67 16.4 0 0 0 10.98 94151.53 615.02 11.08 56.94
1 1 1 1 8 40.715028 -74.008197 631.19 -0.93 0.02 16.2 0 0 0 11.1 93968.64 631.19 11.2 58.83
1 1 1 1 7 40.715075 -74.008235 647.52 0.95 1.12 16.0 0 0 0 10.87 93784.22 647.52 10.97 58.34
1 1 1 1 7 40.715121 -74.008264 664.01 -0.45 -1.18 15.8 0 0 0 10.87 93598.32 664.01 10.97 55.81
1 1 1 1 9 40.715159 -74.008313 680.65 1.39 1.86 15.6 0 0 0 10.33 93410.97 680.65 10.43 56.94
1 1 1 1 9 40.715174 -74.00834 697.45 0.89 -1.5 15.4 0 0 0 10.6 93222.18 697.45 10.7 55.23
1 1 1 1 7 40.715205 -74.008373 714.4 1.47 1.25 15.2 0 0 0 10.52 93032.01 714.4 10.62 55.36
1 1 1 1 8 40.715243 -74.008415 731.5 -0.41 0.96 15.0 0 0 0 9.96 92840.47 731.5 10.06 54.73
1 1 1 1 8 40.715277 -74.008463 748.75 -1.79 0.45 14.8 0 0 0 10.18 92647.59 748.75 10.28 55.27
1 1 1 1 9 40.715309 -74.0085 766.14 -0.66 -0.1 14.6 0 0 0 10.22 92453.41 766.14 10.32 55.33
1 1 1 1 8 40.715349 -74.008545 783.68 -1.83 -1.53 14.4 0 0 0 9.92 92257.96 783.68 10.02 55.64
1 1 1 1 10 40.715383 -74.00858 801.36 -1.21 0.21 14.2 0 0 0 9.6 92061.26 801.36 9.7 54.02
1 1 1 1 7 40.715404 -74.008612 818.94 1.27 0.75 -9.8 0 0 0 9.38 91865.99 818.94 9.48 54.46
1 1 1 1 9 40.715431 -74.008659 836.43 -1.54 -1.53 -9.8 0 0 0 9.83 91672.14 836.43 9.93 55.69
1 1 1 1 10 40.715447 -74.008672 853.81 0.84 -1.15 -9.8 0 0 0 9.32 91479.71 853.81 9.42 54.24
1 1 1 1 10 40.715485 -74.00869 871.1 -0.08 -1.65 -9.8 0 0 0 9.42 91288.69 871.1 9.52 54.35
1 1 1 1 10 40.715507 -74.008715 888.29 1.37 1.23 -9.8 0 0 0 9.01 91099.07 888.29 9.11 57.45
1 1 1 1 8 40.715542 -74.008733 905.38 1.51 -0.89 -9.8 0 0 0 9.38 90910.84 905.38 9.48 57.12
1 1 1 1 8 40.715588 -74.008779 922.38 0.87 -0.98 -9.8 0 0 0 8.83 90724.01 922.38 8.93 55.24
1 1 1 1 8 40.715603 -74.008798 939.27 0.79 0.49 -9.8 0 0 0 8.72 90538.56 939.27 8.82 55.62
1 1 1 1 9 40.71564 -74.00883 956.07 -0.15 0.45 -9.8 0 0 0 8.58 90354.5 956.07 8.68 56.13
1 1 1 1 8 40.715655 -74.008845 972.77 1.52 -1.29 -9.8 0 0 0 8.4 90171.81 972.77 8.5 56.36
1 1 1 1 7 40.71568 -74.008891 989.37 -1.15 1.12 -9.8 0 0 0 8.52 89990.48 989.37 8.62 53.39
1 1 1 1 10 40.715728 -74.008934 1005.88 -0.56 1.97 -9.8 0 0 0 8.51 89810.52 1005.88 8.61 54.91
1 1 1 1 9 40.715747 -74.008964 1022.28 -0.78 -1.15 -9.8 0 0 0 8.27 89631.92 1022.28 8.37 56.09
1 1 1 1 7 40.715772 -74.009009 1038.59 -1.6 0.17 -9.8 0 0 0 8.26 89454.67 1038.59 8.36 56.8
1 1 1 1 9 40.715782 -74.009051 1054.8 -1.07 -0.91 -9.8 0 0 0 8.34 89278.76 1054.8 8.44 52.83
1 1 1 1 9 40.715825 -74.009094 1070.91 -0.28 1.78 -9.8 0 0 0 7.84 89104.2 1070.91 7.94 55.79
1 1 1 1 9 40.715873 -74.009142 1086.93 0.53 0.25 -9.8 0 0 0 7.94 88930.97 1086.93 8.04 53.01
1 1 1 1 8 40.715916 -74.009174 1102.84 -0.3 -1.95 -9.8 0 0 0 7.65 88759.08 1102.84 7.75 52.85
1 1 1 1 7 40.715962 -74.009187 1118.66 -0.28 -0.57 -9.8 0 0 0 7.56 88588.51 1118.66 7.66 55.21
1 1 1 1 8 40.71599 -74.009236 1134.38 1.41 1.89 -9.8 0 0 0 7.58 88419.25 1134.38 7.68 53.37
1 1 1 1 10 40.716016 -74.009273 1150.0 -0.33 -0.19 -9.8 0 0 0 7.34 88251.32 1150.0 7.44 54.23
1 1 1 1 9 40.716027 -74.009319 1165.53 0.02 1.45 -9.8 0 0 0 7.56 88084.69 1165.53 7.66 55.17
1 1 1 1 7 40.716067 -74.009333 1180.95 -1.75 1.81 -9.8 0 0 0 7.52 87919.36 1180.95 7.62 52.39
1 1 1 1 9 40.716106 -74.009358 1196.28 -0.47 0.56 -9.8 0 0 0 7.18 87755.34 1196.28 7.28 53.68
1 1 1 1 7 40.716117 -74.009384 1211.51 -0.67 -0.72 -9.8 0 0 0 6.87 87592.61 1211.51 6.97 53.94
1 1 1 1 10 40.716135 -74.00942 1226.64 0.33 1.16 -9.8 0 0 0 7.31 87431.17 1226.64 7.41 53.44
1 1 1 1 8 40.716154 -74.009468 1241.68 0.81 -0.94 -9.8 0 0 0 7.01 87271.01 1241.68 7.11 55.76
1 1 1 1 7 40.716199 -74.009516 1256.61 -1.9 0.81 -9.8 0 0 0 6.76 87112.13 1256.61 6.86 52.37
1 1 1 1 8 40.716228 -74.00956 1271.45 1.65 -1.56 -9.8 0 0 0 6.75 86954.53 1271.45 6.85 53.67
1 1 1 1 9 40.716261 -74.009582 1286.19 -0.88 -1.44 -9.8 0 0 0 6.77 86798.2 1286.19 6.87 52.71
1 1 1 1 10 40.716294 -74.009593 1300.83 0.79 0.55 -9.8 0 0 0 6.28 86643.13 1300.83 6.38 52.31
1 1 1 1 7 40.716329 -74.009608 1315.38 -1.87 0.22 -9.8 0 0 0 6.47 86489.32 1315.38 6.57 55.4
1 1 1 1 10 40.716353 -74.009651 1329.82 0.36 0.13 -9.8 0 0 0 6.28 86336.77 1329.82 6.38 52.13
1 1 1 1 8 40.716381 -74.009662 1344.17 -0.47 1.75 -9.8 0 0 0 6.11 86185.47 1344.17 6.21 52.14
1 1 1 1 10 40.716403 -74.009692 1358.42 -0.12 -0.88 -9.8 0 0 0 6.12 86035.41 1358.42 6.22 54.4
1 1 1 1 7 40.716422 -74.009731 1372.57 1.23 -0.47 -9.8 0 0 0 6.15 85886.59 1372.57 6.25 53.79
1 1 1 1 10 40.716447 -74.009753 1386.63 1.35 0.75 -9.8 0 0 0 5.73 85739.02 1386.63 5.83 51.17
1 1 1 1 8 40.716485 -74.009769 1400.58 0.46 0.86 -9.8 0 0 0 6.15 85592.67 1400.58 6.25 52.15
1 1 1 1 8 40.716498 -74.009813 1414.44 0.16 -0.35 -9.8 0 0 0 5.9 85447.55 1414.44 6.0 50.98
1 1 1 1 7 40.716538 -74.00985 1428.2 1.51 -1.83 -9.8 0 0 0 5.83 85303.66 1428.2 5.93 52.24
1 1 1 1 8 40.71657 -74.009884 1441.86 0.3 -0.0 -9.8 0 0 0 5.74 85160.98 1441.86 5.84 54.08
1 1 1 1 9 40.716617 -74.009909 1455.43 1.47 -1.84 -9.8 0 0 0 5.3 85019.52 1455.43 5.4 53.67
1 1 1 1 10 40.716643 -74.009959 1468.89 -1.16 -1.2 -9.8 0 0 0 5.53 84879.27 1468.89 5.63 54.15
1 1 1 1 10 40.71667 -74.009973 1482.26 0.61 1.66 -9.8 0 0 0 5.23 84740.22 1482.26 5.33 52.99
1 1 1 1 7 40.716717 -74.00999 1495.53 -1.48 -1.4 -9.8 0 0 0 5.35 84602.38 1495.53 5.45 53.98
1 1 1 1 9 40.716755 -74.01004 1508.7 1.04 -1.55 -9.8 0 0 0 4.93 84465.74 1508.7 5.03 50.99
1 1 1 1 9 40.716775 -74.010068 1521.78 -1.31 -1.61 -9.8 0 0 0 4.91 84330.28 1521.78 5.01 53.67
1 1 1 1 7 40.716807 -74.010116 1534.75 0.34 -1.42 -9.8 0 0 0 4.9 84196.02 1534.75 5.0 50.71
1 1 1 1 7 40.716849 -74.010149 1547.63 1.61 1.72 -9.8 0 0 0 4.97 84062.95 1547.63 5.07 50.63
1 1 1 1 10 40.716885 -74.010177 1560.41 1.29 -0.61 -9.8 0 0 0 4.56 83931.05 1560.41 4.66 51.05
1 1 1 1 9 40.716903 -74.01021 1573.09 -0.41 1.83 -9.8 0 0 0 4.63 83800.33 1573.09 4.73 50.44
1 1 1 1 9 40.716921 -74.010253 1585.68 0.12 0.81 -9.8 0 0 0 4.76 83670.78 1585.68 4.86 50.29
1 1 1 1 9 40.71695 -74.010277 1598.16 -0.97 1.92 -9.8 0 0 0 4.37 83542.41 1598.16 4.47 51.91
1 1 1 1 9 40.716995 -74.01032 1610.55 0.11 0.02 -9.8 0 0 0 4.65 83415.2 1610.55 4.75 51.75
1 1 1 1 8 40.717044 -74.010338 1622.84 -1.34 -1.9 -9.8 0 0 0 4.68 83289.15 1622.84 4.78 51.57
1 1 1 1 7 40.717073 -74.010369 1635.03 -1.61 0.74 -9.8 0 0 0 4.23 83164.25 1635.03 4.33 49.9
1 1 1 1 7 40.71711 -74.010404 1647.13 1.99 -0.17 -9.8 0 0 0 4.12 83040.51 1647.13 4.22 51.62
1 1 1 1 10 40.717137 -74.010443 1659.12 -0.7 1.59 -9.8 0 0 0 4.06 82917.93 1659.12 4.16 51.19
1 1 1 1 10 40.717154 -74.01047 1671.02 0.2 0.81 -9.8 0 0 0 4.24 82796.48 1671.02 4.34 51.57
1 1 1 1 10 40.717196 -74.010514 1682.82 1.61 -0.63 -9.8 0 0 0 4.04 82676.18 1682.82 4.14 52.86
1 1 1 1 10 40.717214 -74.010525 1694.52 1.89 0.91 -9.8 0 0 0 4.25 82557.02 1694.52 4.35 50.56
1 1 1 1 8 40.71726 -74.010569 1706.13 -0.85 1.03 -9.8 0 0 0 4.16 82439.0 1706.13 4.26 50.07
1 1 1 1 7 40.717272 -74.010592 1717.63 -0.77 1.01 -9.8 0 0 0 3.65 82322.1 1717.63 3.75 51.92
1 1 1 1 10 40.717283 -74.010606 1729.04 0.56 1.2 -9.8 0 0 0 3.76 82206.34 1729.04 3.86 53.11
1 1 1 1 9 40.717294 -74.010622 1740.35 -0.59 -1.77 -9.8 0 0 0 3.56 82091.69 1740.35 3.66 50.57
1 1 1 1 7 40.717315 -74.010662 1751.56 -1.94 -1.06 -9.8 0 0 0 3.91 81978.17 1751.56 4.01 52.29
1 1 1 1 10 40.717345 -74.010696 1762.68 -0.29 0.39 -9.8 0 0 0 3.6 81865.77 1762.68 3.7 51.11
1 1 1 1 9 40.717383 -74.010717 1773.69 1.69 -1.2 -9.8 0 0 0 3.43 81754.48 1773.69 3.53 52.87
1 1 1 1 10 40.717415 -74.010739 1784.61 -1.8 -0.76 -9.8 0 0 0 3.11 81644.31 1784.61 3.21 52.13
1 1 1 1 7 40.717456 -74.010773 1795.43 -1.93 0.85 -9.8 0 0 0 3.09 81535.24 1795.43 3.19 50.68
1 1 1 1 7 40.717497 -74.010817 1806.15 1.81 1.9 -9.8 0 0 0 3.04 81427.27 1806.15 3.14 52.8
1 1 1 1 9 40.717531 -74.010852 1816.78 -0.73 -0.43 -9.8 0 0 0 2.94 81320.41 1816.78 3.04 51.79
1 1 1 1 9 40.717562 -74.010896 1827.3 -0.3 -1.67 -9.8 0 0 0 3.21 81214.64 1827.3 3.31 49.78
1 1 1 1 9 40.717581 -74.010917 1837.73 1.57 -1.11 -9.8 0 0 0 3.08 81109.97 1837.73 3.18 50.75
1 1 1 1 7 40.71762 -74.010961 1848.06 1.01 -1.77 -9.8 0 0 0 2.76 81006.39 1848.06 2.86 50.16
1 1 1 1 7 40.717644 -74.010995 1858.29 -1.55 0.11 -9.8 0 0 0 2.66 80903.9 1858.29 2.76 51.92
1 1 1 1 7 40.717687 -74.011039 1868.43 -0.17 1.71 -9.8 0 0 0 2.7 80802.49 1868.43 2.8 51.08
1 1 1 1 7 40.717699 -74.011083 1878.46 1.15 -1.18 -9.8 0 0 0 2.93 80702.17 1878.46 3.03 50.35
1 1 1 1 9 40.717715 -74.011101 1888.4 0.05 -0.7 -9.8 0 0 0 2.63 80602.92 1888.4 2.73 50.51
1 1 1 1 10 40.717728 -74.01115 1898.24 -1.09 -0.9 -9.8 0 0 0 2.56 80504.75 1898.24 2.66 50.25
1 1 1 1 8 40.717765 -74.011199 1908.03 -0.11 -1.27 -4.92 0 0 0 2.56 80407.17 1908.03 2.66 48.86
1 1 1 1 10 40.717776 -74.01124 1917.77 0.28 -0.44 -5.35 0 0 0 2.26 80310.21 1917.77 2.36 50.56
1 1 1 1 8 40.71781 -74.011257 1927.46 0.39 -1.86 -4.8 0 0 0 2.76 80213.83 1927.46 2.86 52.07
1 1 1 1 10 40.717829 -74.011287 1937.08 0.55 -1.7 -6.7 0 0 0 2.52 80118.21 1937.08 2.62 49.76
1 1 1 1 8 40.717875 -74.011313 1946.64 -1.08 1.54 -6.43 0 0 0 2.45 80023.32 1946.64 2.55 52.06
1 1 1 1 8 40.717913 -74.011334 1956.15 1.13 1.05 -4.95 0 0 0 2.36 79929.01 1956.15 2.46 49.74
1 1 1 1 8 40.717962 -74.011345 1965.59 -0.64 -1.93 -6.81 0 0 0 2.43 79835.46 1965.59 2.53 49.47
1 1 1 1 8 40.717991 -74.011361 1974.97 -1.92 1.31 -5.8 0 0 0 2.08 79742.58 1974.97 2.18 50.36
1 1 1 1 10 40.718036 -74.011386 1984.3 -1.73 0.36 -4.83 0 0 0 1.96 79650.26 1984.3 2.06 48.85
1 1 1 1 10 40.718068 -74.011431 1993.57 -0.07 1.18 -6.76 0 0 0 2.17 79558.7 1993.57 2.27 48.6
1 1 1 1 8 40.718085 -74.011457 2002.77 -1.17 -0.64 -6.89 0 0 0 2.25 79467.9 2002.77 2.35 47.99
1 1 1 1 8 40.718117 -74.011484 2011.89 0.74 -0.18 -7.27 0 0 0 1.97 79377.9 2011.89 2.07 48.92
1 1 1 1 8 40.718143 -74.011525 2020.95 -1.22 -0.0 -6.7 0 0 0 2.09 79288.64 2020.95 2.19 51.64
1 1 1 1 7 40.718192 -74.011546 2029.94 -0.99 0.92 -6.81 0 0 0 1.71 79200.14 2029.94 1.81 50.53
1 1 1 1 9 40.718232 -74.011578 2038.85 0.59 -0.08 -7.36 0 0 0 1.73 79112.44 2038.85 1.83 51.59
1 1 1 1 10 40.718245 -74.011588 2047.7 -2.0 1.74 -6.74 0 0 0 1.86 79025.48 2047.7 1.96 48.03
1 1 1 1 7 40.71829 -74.011612 2056.49 1.72 1.06 -6.33 0 0 0 1.58 78939.22 2056.49 1.68 50.96
1 1 1 1 7 40.718326 -74.011629 2065.21 -0.79 0.63 -6.12 0 0 0 1.56 78853.63 2065.21 1.66 48.77
1 1 1 1 10 40.71835 -74.011652 2073.87 -1.56 -0.77 -6.45 0 0 0 1.33 78768.76 2073.87 1.43 49.51
1 1 1 1 7 40.718372 -74.011692 2082.47 -0.08 1.32 -5.98 0 0 0 1.71 78684.54 2082.47 1.81 49.11
1 1 1 1 9 40.718398 -74.011731 2091.0 -1.66 1.37 -6.91 0 0 0 1.17 78601.07 2091.0 1.27 50.02
1 1 1 1 7 40.718416 -74.01177 2099.46 1.46 -0.32 -7.02 0 0 0 1.43 78518.36 2099.46 1.53 50.57
1 1 1 1 8 40.718458 -74.011805 2107.87 -1.46 -0.46 -5.18 0 0 0 1.12 78436.23 2107.87 1.22 50.77
1 1 1 1 7 40.718496 -74.011827 2116.22 -0.41 1.43 -6.0 0 0 0 1.34 78354.75 2116.22 1.44 51.36
1 1 1 1 10 40.718537 -74.011841 2124.51 -1.73 1.5 -5.59 0 0 0 1.14 78273.88 2124.51 1.24 47.4
1 1 1 1 10 40.718582 -74.011886 2132.75 0.96 0.6 -5.45 0 0 0 1.05 78193.61 2132.75 1.15 50.62
1 1 1 1 9 40.718604 -74.011928 2140.93 -1.3 -1.37 -6.12 0 0 0 1.1 78114.01 2140.93 1.2 49.14
1 1 1 1 8 40.718635 -74.011974 2149.03 -1.29 -1.83 -7.2 0 0 0 0.86 78035.17 2149.03 0.96 51.04
1 1 1 1 8 40.718683 -74.012019 2157.07 -1.37 1.8 -6.61 0 0 0 0.68 77957.04 2157.07 0.78 48.7
1 1 1 1 10 40.718707 -74.012059 2165.05 -1.49 -2.0 -5.68 0 0 0 1.22 77879.52 2165.05 1.32 49.01
1 1 1 1 7 40.718731 -74.012082 2172.99 -1.53 1.33 -5.04 0 0 0 0.92 77802.55 2172.99 1.02 50.73
1 1 1 1 8 40.718776 -74.01213 2180.85 0.49 0.61 -6.64 0 0 0 0.98 77726.29 2180.85 1.08 50.78
1 1 1 1 9 40.718816 -74.012167 2188.65 0.86 0.68 -7.0 0 0 0 0.95 77650.76 2188.65 1.05 48.74
1 1 1 1 9 40.718832 -74.012192 2196.37 0.04 1.88 -6.85 0 0 0 0.45 77575.96 2196.37 0.55 49.96
1 1 1 1 10 40.718857 -74.012227 2204.05 1.75 1.12 -4.82 0 0 0 0.61 77501.69 2204.05 0.71 47.51
1 1 1 1 10 40.718873 -74.012263 2211.67 -1.11 0.58 -6.1 0 0 0 0.47 77428.06 2211.67 0.57 48.46
1 1 1 1 9 40.718889 -74.012292 2219.23 0.48 -1.17 -5.82 0 0 0 0.85 77355.04 2219.23 0.95 46.96
1 1 1 1 9 40.71891 -74.012334 2226.74 0.83 1.9 -4.95 0 0 0 0.79 77282.56 2226.74 0.89 50.32
1 1 1 1 9 40.718935 -74.012369 2234.19 1.51 -0.66 -5.59 0 0 0 0.65 77210.68 2234.19 0.75 47.99
1 1 1 1 9 40.718973 -74.012405 2241.59 -1.69 -0.28 -6.29 0 0 0 0.55 77139.45 2241.59 0.65 47.89
1 1 1 1 7 40.719022 -74.012443 2248.91 -1.85 -1.52 -6.36 0 0 0 0.37 77068.89 2248.91 0.47 50.35
1 1 1 1 10 40.719068 -74.012463 2256.19 0.19 -0.11 -5.36 0 0 0 0.45 76998.9 2256.19 0.55 48.88
1 1 1 1 7 40.719092 -74.012492 2263.41 -1.97 -0.62 -4.88 0 0 0 0.01 76929.43 2263.41 0.11 47.38
1 1 1 1 8 40.719125 -74.012506 2270.59 1.55 -1.83 -4.99 0 0 0 -0.05 76860.49 2270.59 0.05 48.37
1 1 1 1 7 40.719172 -74.012526 2277.69 1.05 0.69 -7.46 0 0 0 0.29 76792.31 2277.69 0.39 47.75
1 1 1 1 8 40.71921 -74.01257 2284.73 -1.82 -0.62 -5.64 0 0 0 0.44 76724.73 2284.73 0.54 46.67
1 1 1 1 7 40.719251 -74.012606 2291.71 -1.95 1.16 -7.16 0 0 0 0.11 76657.87 2291.71 0.21 49.75
1 1 1 1 10 40.719278 -74.012622 2298.62 -0.98 1.12 -5.95 0 0 0 -0.13 76591.64 2298.62 -0.03 48.86
1 1 1 1 9 40.719312 -74.012662 2305.48 1.85 1.63 -5.09 0 0 0 0.01 76525.94 2305.48 0.11 50.17
1 1 1 1 9 40.719351 -74.012706 2312.3 -1.65 -1.7 -4.86 0 0 0 -0.25 76460.74 2312.3 -0.15 49.13
1 1 1 1 9 40.71938 -74.012728 2319.06 1.76 1.58 -5.08 0 0 0 -0.13 76396.08 2319.06 -0.03 46.73
1 1 1 1 8 40.719426 -74.012776 2325.77 1.35 1.32 -5.36 0 0 0 -0.36 76331.98 2325.77 -0.26 47.81
1 1 1 1 8 40.719453 -74.012796 2332.41 0.34 -1.2 -6.94 0 0 0 -0.34 76268.58 2332.41 -0.24 47.65
1 1 1 1 9 40.719468 -74.012817 2338.99 0.37 1.02 -6.06 0 0 0 -0.44 76205.8 2338.99 -0.34 49.3
1 1 1 1 7 40.719504 -74.012857 2345.52 -0.24 1.74 -4.96 0 0 0 -0.38 76143.54 2345.52 -0.28 48.89
1 1 1 1 7 40.719548 -74.012869 2351.97 -0.21 -0.16 -7.68 0 0 0 -0.26 76082.05 2351.97 -0.16 48.35
1 1 1 1 9 40.719563 -74.012907 2358.36 0.19 -1.5 -6.13 0 0 0 -0.18 76021.18 2358.36 -0.08 46.93
1 1 1 1 7 40.719574 -74.012946 2364.71 -1.49 -0.33 -5.04 0 0 0 -0.55 75960.83 2364.71 -0.45 46.6
1 1 1 1 10 40.719588 -74.012983 2370.99 -1.91 -1.89 -5.48 0 0 0 -0.7 75901.04 2370.99 -0.6 49.19
1 1 1 1 7 40.719626 -74.013003 2377.21 1.02 -1.62 -6.56 0 0 0 -0.72 75841.92 2377.21 -0.62 46.8
1 1 1 1 7 40.71965 -74.013018 2383.38 1.02 1.11 -5.69 0 0 0 -0.21 75783.37 2383.38 -0.11 47.68
1 1 1 1 9 40.719697 -74.013064 2389.47 -1.02 -1.51 -7.02 0 0 0 -0.32 75725.52 2389.47 -0.22 47.36
1 1 1 1 10 40.719709 -74.01309 2395.49 -1.07 1.74 -7.37 0 0 0 -0.78 75668.41 2395.49 -0.68 47.0
1 1 1 1 10 40.719747 -74.013129 2401.46 -0.62 0.41 -4.97 0 0 0 -0.8 75611.8 2401.46 -0.7 46.55
1 1 1 1 8 40.719767 -74.013172 2407.37 -0.63 -1.94 -6.31 0 0 0 -0.53 75555.83 2407.37 -0.43 48.54
1 1 1 1 8 40.719801 -74.013222 2413.22 0.22 1.44 -5.29 0 0 0 -0.45 75500.39 2413.22 -0.35 47.63
1 1 1 1 10 40.719829 -74.013238 2419.0 -0.66 0.39 -7.54 0 0 0 -0.94 75445.7 2419.0 -0.84 49.08
1 1 1 1 9 40.719856 -74.013285 2424.71 -0.32 1.98 -7.25 0 0 0 -0.9 75391.72 2424.71 -0.8 48.77
1 1 1 1 7 40.719895 -74.013333 2430.36 0.93 1.94 -5.74 0 0 0 -0.73 75338.32 2430.36 -0.63 47.53
1 1 1 1 10 40.719945 -74.01337 2435.95 -0.29 -0.62 -5.74 0 0 0 -0.83 75285.49 2435.95 -0.73 47.64
1 1 1 1 7 40.719957 -74.013383 2441.47 1.88 -1.41 -7.1 0 0 0 -0.78 75233.36 2441.47 -0.68 48.37
1 1 1 1 7 40.719999 -74.013411 2446.94 -0.76 1.12 -5.15 0 0 0 -1.19 75181.75 2446.94 -1.09 47.24
1 1 1 1 10 40.720016 -74.013454 2452.35 1.92 -0.19 -5.58 0 0 0 -0.72 75130.69 2452.35 -0.62 47.15
1 1 1 1 8 40.720053 -74.013504 2457.71 -1.29 1.41 -5.72 0 0 0 -0.91 75080.2 2457.71 -0.81 46.32
1 1 1 1 7 40.720069 -74.013523 2463.01 1.71 -0.51 -5.4 0 0 0 -0.99 75030.25 2463.01 -0.89 49.66
1 1 1 1 10 40.720098 -74.013544 2468.26 -0.19 -1.69 -5.28 0 0 0 -1.21 74980.81 2468.26 -1.11 46.49
1 1 1 1 8 40.720147 -74.013561 2473.46 1.06 -0.88 -5.17 0 0 0 -1.12 74931.9 2473.46 -1.02 48.13
1 1 1 1 10 40.720164 -74.013608 2478.6 1.97 0.51 -5.47 0 0 0 -1.31 74883.52 2478.6 -1.21 49.55
1 1 1 1 10 40.720199 -74.01362 2483.68 0.3 -0.61 -6.55 0 0 0 -0.92 74835.78 2483.68 -0.82 49.32
1 1 1 1 9 40.720216 -74.013669 2488.68 0.07 1.98 -7.52 0 0 0 -1.45 74788.77 2488.68 -1.35 49.36
1 1 1 1 8 40.720241 -74.013698 2493.61 -1.44 0.12 -7.33 0 0 0 -1.34 74742.48 2493.61 -1.24 47.19
1 1 1 1 8 40.720284 -74.013714 2498.48 -0.88 -1.49 -6.05 0 0 0 -1.47 74696.78 2498.48 -1.37 45.67
1 1 1 1 8 40.720328 -74.013741 2503.28 0.89 -0.73 -7.0 0 0 0 -1.22 74651.75 2503.28 -1.12 49.34
1 1 1 1 9 40.720369 -74.013791 2508.02 -1.53 1.38 -5.69 0 0 0 -1.07 74607.28 2508.02 -0.97 46.15
1 1 1 1 8 40.720417 -74.013802 2512.71 0.2 0.99 -5.42 0 0 0 -1.09 74563.34 2512.71 -0.99 46.39
1 1 1 1 10 40.720431 -74.013819 2517.34 -1.27 -1.4 -5.99 0 0 0 -1.46 74519.99 2517.34 -1.36 47.89
1 1 1 1 9 40.720464 -74.013847 2521.89 1.69 -0.19 -7.66 0 0 0 -1.15 74477.37 2521.89 -1.05 45.52
1 1 1 1 8 40.72049 -74.013885 2526.37 0.93 1.03 -7.1 0 0 0 -1.68 74435.43 2526.37 -1.58 47.38
1 1 1 1 7 40.720536 -74.013898 2530.78 -1.94 1.06 -6.62 0 0 0 -1.46 74394.13 2530.78 -1.36 48.05
1 1 1 1 7 40.720565 -74.01391 2535.12 0.89 -0.24 -7.53 0 0 0 -1.68 74353.56 2535.12 -1.58 46.96
1 1 1 1 10 40.720599 -74.013944 2539.41 -1.24 1.19 -4.87 0 0 0 -1.54 74313.46 2539.41 -1.44 46.21
1 1 1 1 10 40.720616 -74.013988 2543.64 1.61 0.15 -5.38 0 0 0 -1.38 74273.88 2543.64 -1.28 48.32
1 1 1 1 9 40.720634 -74.01401 2547.82 1.08 -1.42 -5.77 0 0 0 -1.28 74234.85 2547.82 -1.18 48.07
1 1 1 1 7 40.720683 -74.014047 2551.94 1.62 1.19 -6.22 0 0 0 -1.48 74196.42 2551.94 -1.38 47.2
1 1 1 1 9 40.720708 -74.014068 2555.99 -0.67 1.34 -6.92 0 0 0 -1.63 74158.65 2555.99 -1.53 48.67
1 1 1 1 9 40.720736 -74.014087 2559.97 1.18 -1.49 -5.95 0 0 0 -1.82 74121.46 2559.97 -1.72 46.02
1 1 1 1 8 40.720774 -74.014126 2563.91 -1.0 -0.47 -5.51 0 0 0 -1.87 74084.79 2563.91 -1.77 46.43
1 1 1 1 9 40.720808 -74.014144 2567.79 -1.62 1.66 -4.9 0 0 0 -1.73 74048.59 2567.79 -1.63 45.19
1 1 1 1 9 40.720827 -74.014193 2571.61 1.42 -1.64 -6.17 0 0 0 -1.69 74012.99 2571.61 -1.59 47.82
1 1 1 1 9 40.720855 -74.01423 2575.37 -1.88 -0.65 -6.6 0 0 0 -1.53 73978.01 2575.37 -1.43 46.52
1 1 1 1 9 40.720878 -74.014277 2579.05 -0.62 0.69 -6.92 0 0 0 -1.54 73943.68 2579.05 -1.44 46.15
1 1 1 1 9 40.720925 -74.014315 2582.68 0.16 1.01 -6.02 0 0 0 -1.77 73909.93 2582.68 -1.67 49.07
1 1 1 1 9 40.720971 -74.014326 2586.25 1.14 -1.55 -5.51 0 0 0 -1.79 73876.71 2586.25 -1.69 48.42
1 1 1 1 8 40.720996 -74.014352 2589.75 -1.1 0.6 -7.21 0 0 0 -1.66 73844.17 2589.75 -1.56 45.61
1 1 1 1 10 40.721044 -74.014389 2593.18 -0.17 1.55 -6.52 0 0 0 -1.77 73812.24 2593.18 -1.67 48.94
1 1 1 1 10 40.721067 -74.014431 2596.55 0.57 -1.81 -7.29 0 0 0 -1.71 73781.01 2596.55 -1.61 48.49
1 1 1 1 9 40.721077 -74.014473 2599.85 0.33 0.08 -5.34 0 0 0 -1.78 73750.28 2599.85 -1.68 47.67
1 1 1 1 8 40.721125 -74.014517 2603.1 -0.46 0.97 -6.07 0 0 0 -1.85 73720.12 2603.1 -1.75 45.28
1 1 1 1 8 40.721155 -74.014557 2606.28 1.41 -0.39 -6.93 0 0 0 -1.9 73690.62 2606.28 -1.8 45.64
1 1 1 1 7 40.721177 -74.014601 2609.41 -0.21 -1.25 -4.93 0 0 0 -1.72 73661.59 2609.41 -1.62 45.48
1 1 1 1 9 40.7212 -74.014628 2612.47 1.54 1.1 -6.82 0 0 0 -2.23 73633.2 2612.47 -2.13 47.67
1 1 1 1 7 40.72121 -74.014656 2615.46 0.13 1.75 -6.82 0 0 0 -1.88 73605.44 2615.46 -1.78 45.72
1 1 1 1 9 40.721259 -74.01468 2618.39 0.9 -0.34 -6.12 0 0 0 -1.83 73578.27 2618.39 -1.73 44.96
1 1 1 1 8 40.721297 -74.014726 2621.27 1.29 1.55 -4.83 0 0 0 -2.27 73551.55 2621.27 -2.17 46.38
1 1 1 1 7 40.721335 -74.014737 2624.09 -0.21 1.3 -6.52 0 0 0 -2.07 73525.44 2624.09 -1.97 45.93
1 1 1 1 8 40.721358 -74.014777 2626.84 1.53 -0.99 -6.32 0 0 0 -2.13 73499.92 2626.84 -2.03 47.24
1 1 1 1 9 40.72139 -74.014793 2629.54 0.47 1.32 -6.12 0 0 0 -1.83 73474.98 2629.54 -1.73 46.57
1 1 1 1 7 40.72142 -74.014817 2632.15 1.1 0.57 -7.71 0 0 0 -2.25 73450.76 2632.15 -2.15 46.1
1 1 1 1 7 40.721467 -74.01486 2634.71 -0.76 -1.49 -5.47 0 0 0 -2.18 73427.05 2634.71 -2.08 46.56
1 1 1 1 7 40.721483 -74.014877 2637.2 1.28 0.45 -7.48 0 0 0 -2.07 73404.04 2637.2 -1.97 46.48
1 1 1 1 10 40.721502 -74.01492 2639.63 1.81 -1.8 -5.19 0 0 0 -2.34 73381.52 2639.63 -2.24 48.35
1 1 1 1 10 40.721532 -74.014957 2642.01 1.94 1.81 -5.65 0 0 0 -2.22 73359.52 2642.01 -2.12 47.76
1 1 1 1 10 40.721554 -74.014991 2644.32 -1.21 1.23 -6.56 0 0 0 -2.46 73338.14 2644.32 -2.36 45.02
1 1 1 1 9 40.721595 -74.015022 2646.58 0.24 1.23 -5.71 0 0 0 -2.37 73317.29 2646.58 -2.27 44.83
1 1 1 1 10 40.721607 -74.015064 2648.76 -1.62 0.42 -7.41 0 0 0 -2.28 73297.13 2648.76 -2.18 48.09
1 1 1 1 9 40.721624 -74.015092 2650.88 0.91 1.59 -6.58 0 0 0 -2.04 73277.58 2650.88 -1.94 45.69
1 1 1 1 8 40.721662 -74.015128 2652.93 1.21 1.25 -5.81 0 0 0 -2.5 73258.57 2652.93 -2.4 47.83
1 1 1 1 7 40.721702 -74.015156 2654.91 -1.55 0.26 -7.74 0 0 0 -2.16 73240.28 2654.91 -2.06 47.41
1 1 1 1 9 40.721747 -74.015189 2656.84 -0.57 1.53 -5.2 0 0 0 -2.32 73222.48 2656.84 -2.22 44.75
1 1 1 1 7 40.721764 -74.015207 2658.7 1.93 1.5 -7.33 0 0 0 -2.11 73205.36 2658.7 -2.01 48.32
1 1 1 1 10 40.72181 -74.015254 2660.47 -0.93 0.93 -7.73 0 0 0 -2.07 73188.95 2660.47 -1.97 45.06
1 1 1 1 8 40.721838 -74.015284 2662.18 1.81 -0.04 -7.35 0 0 0 -2.02 73173.22 2662.18 -1.92 47.88
1 1 1 1 8 40.721882 -74.015309 2663.83 -0.22 1.62 -5.35 0 0 0 -2.56 73157.99 2663.83 -2.46 45.58
1 1 1 1 9 40.721922 -74.015354 2665.42 1.08 -1.88 -5.24 0 0 0 -2.43 73143.25 2665.42 -2.33 45.91
1 1 1 1 9 40.721964 -74.015397 2666.96 -0.39 -0.32 -6.53 0 0 0 -2.13 73129.11 2666.96 -2.03 48.03
1 1 1 1 9 40.721978 -74.015437 2668.43 -0.52 -0.2 -6.1 0 0 0 -2.34 73115.54 2668.43 -2.24 48.39
1 1 1 1 8 40.722026 -74.015473 2669.85 -1.07 1.71 -4.96 0 0 0 -2.52 73102.42 2669.85 -2.42 45.82
1 1 1 1 7 40.72205 -74.015488 2671.21 -0.09 -1.26 -5.69 0 0 0 -2.5 73089.84 2671.21 -2.4 46.69
1 1 1 1 7 40.722062 -74.015504 2672.53 -0.03 1.64 -4.89 0 0 0 -2.25 73077.7 2672.53 -2.15 48.11
1 1 1 1 8 40.722072 -74.015521 2673.79 -1.7 1.91 -5.22 0 0 0 -2.28 73066.05 2673.79 -2.18 44.96
1 1 1 1 8 40.722093 -74.01555 2675.0 1.93 -1.11 -5.6 0 0 0 -2.28 73054.92 2675.0 -2.18 46.02
1 1 1 1 8 40.722143 -74.015582 2676.16 1.64 -0.79 -5.36 0 0 0 -2.22 73044.28 2676.16 -2.12 45.89
1 1 1 1 9 40.722169 -74.015599 2677.24 -1.49 -0.29 -7.12 0 0 0 -2.42 73034.3 2677.24 -2.32 48.05
1 1 1 1 10 40.722199 -74.01561 2678.24 -1.35 1.55 -7.74 0 0 0 -2.54 73025.03 2678.24 -2.44 47.36
1 1 1 1 7 40.722215 -74.015637 2679.18 1.57 -0.78 -6.95 0 0 0 -2.41 73016.41 2679.18 -2.31 46.32
1 1 1 1 8 40.722229 -74.015681 2680.07 -1.8 1.63 -4.89 0 0 0 -2.7 73008.23 2680.07 -2.6 47.18
1 1 1 1 10 40.722248 -74.01573 2680.9 1.58 1.8 -5.84 0 0 0 -2.22 73000.6 2680.9 -2.12 45.58
1 1 1 1 9 40.722293 -74.015762 2681.67 1.94 1.39 -5.23 0 0 0 -2.42 72993.45 2681.67 -2.32 46.98
1 1 1 1 9 40.722342 -74.015785 2682.37 -0.72 0.4 -7.7 0 0 0 -2.72 72987.0 2682.37 -2.62 47.33
1 1 1 1 10 40.722381 -74.015803 2683.0 -0.52 0.61 -7.1 0 0 0 -2.35 72981.22 2683.0 -2.25 48.48
1 1 1 1 8 40.722426 -74.015815 2683.56 -0.35 0.58 -6.99 0 0 0 -2.17 72976.07 2683.56 -2.07 47.17
1 1 1 1 7 40.72245 -74.015839 2684.07 -1.31 1.52 -5.18 0 0 0 -2.49 72971.41 2684.07 -2.39 46.49
1 1 1 1 9 40.722475 -74.01588 2684.5 -0.69 -1.5 -7.51 0 0 0 -2.2 72967.44 2684.5 -2.1 46.13
1 1 1 1 8 40.722509 -74.015907 2684.86 0.6 -0.1 -6.98 0 0 0 -2.51 72964.11 2684.86 -2.41 45.14
1 1 1 1 10 40.722526 -74.015949 2685.16 1.07 -0.27 -6.02 0 0 0 -2.48 72961.33 2685.16 -2.38 47.52
1 1 1 1 8 40.722563 -74.015971 2685.41 1.24 -1.05 -5.07 0 0 0 -2.47 72959.02 2685.41 -2.37 45.72
1 1 1 1 7 40.722587 -74.015986 2685.59 1.72 -1.71 -6.86 0 0 0 -2.74 72957.34 2685.59 -2.64 47.71
1 1 1 1 8 40.722633 -74.015997 2685.7 -0.74 1.06 -7.09 0 0 0 -2.46 72956.32 2685.7 -2.36 46.74
1 1 1 1 7 40.722655 -74.016026 2685.76 -1.86 0.61 -6.08 0 0 0 -2.33 72955.85 2685.76 -2.23 44.86
1 1 1 1 7 40.722687 -74.016039 2685.74 0.53 1.57 -6.24 0 0 0 -2.65 72955.96 2685.74 -2.55 46.94
1 1 1 1 7 40.722732 -74.016062 2685.68 0.77 0.12 -5.27 0 0 0 -2.73 72956.56 2685.68 -2.63 46.02
1 1 1 1 10 40.722755 -74.016081 2685.56 -1.92 -1.14 -5.65 0 0 0 -2.37 72957.67 2685.56 -2.27 45.88
1 1 1 1 8 40.722779 -74.016113 2685.36 -1.99 -0.36 -7.18 0 0 0 -2.23 72959.45 2685.36 -2.13 47.87
1 1 1 1 10 40.722818 -74.016128 2685.1 0.12 1.89 -7.59 0 0 0 -2.67 72961.92 2685.1 -2.57 47.13
1 1 1 1 8 40.722866 -74.016175 2684.75 -1.65 -0.24 -7.48 0 0 0 -2.72 72965.09 2684.75 -2.62 47.15
1 1 1 1 10 40.722895 -74.016188 2684.35 -0.58 -0.82 -5.85 0 0 0 -2.66 72968.79 2684.35 -2.56 44.62
1 1 1 1 8 40.722929 -74.016223 2683.88 -0.0 0.08 -6.8 0 0 0 -2.23 72973.12 2683.88 -2.13 48.01
1 1 1 1 9 40.722978 -74.016247 2683.34 -0.54 -1.51 -7.53 0 0 0 -2.31 72978.14 2683.34 -2.21 44.6
1 1 1 1 10 40.723001 -74.016268 2682.71 -0.01 -1.19 -7.55 0 0 0 -2.73 72983.86 2682.71 -2.63 46.88
1 1 1 1 9 40.723027 -74.016298 2682.02 -1.13 0.85 -7.38 0 0 0 -2.46 72990.26 2682.02 -2.36 45.11
1 1 1 1 8 40.723049 -74.016313 2681.27 0.52 -0.77 -5.2 0 0 0 -2.37 72997.13 2681.27 -2.27 44.62
1 1 1 1 10 40.723078 -74.016338 2680.45 1.04 -1.71 -7.33 0 0 0 -2.45 73004.69 2680.45 -2.35 45.89
1 1 1 1 9 40.7231 -74.016383 2679.57 -0.91 1.34 -5.92 0 0 0 -2.56 73012.79 2679.57 -2.46 45.68
1 1 1 1 8 40.723144 -74.016418 2678.63 0.09 -1.38 -6.46 0 0 0 -2.29 73021.48 2678.63 -2.19 45.59
1 1 1 1 7 40.723164 -74.016455 2677.63 1.1 -0.54 -5.26 0 0 0 -2.63 73030.66 2677.63 -2.53 47.32
1 1 1 1 7 40.723212 -74.016473 2676.57 -0.32 -0.16 -6.99 0 0 0 -2.64 73040.49 2676.57 -2.54 45.25
1 1 1 1 10 40.72323 -74.016486 2675.43 0.43 -1.39 -7.58 0 0 0 -2.68 73051.01 2675.43 -2.58 46.07
1 1 1 1 10 40.723259 -74.016502 2674.23 -0.7 1.7 -5.32 0 0 0 -2.49 73062.03 2674.23 -2.39 48.0
1 1 1 1 7 40.723299 -74.016516 2672.97 -1.59 1.8 -6.14 0 0 0 -2.31 73073.62 2672.97 -2.21 48.06
1 1 1 1 8 40.723323 -74.016545 2671.64 -1.07 -0.29 -7.46 0 0 0 -2.31 73085.89 2671.64 -2.21 44.82
1 1 1 1 8 40.723348 -74.016582 2670.24 -1.72 1.16 -6.85 0 0 0 -2.38 73098.8 2670.24 -2.28 46.64
1 1 1 1 10 40.723361 -74.016628 2668.77 0.27 1.89 -7.15 0 0 0 -2.61 73112.37 2668.77 -2.51 48.31
1 1 1 1 7 40.723404 -74.016667 2667.24 0.89 0.52 -6.1 0 0 0 -2.51 73126.5 2667.24 -2.41 48.2
1 1 1 1 8 40.723417 -74.016678 2665.63 1.17 -1.47 -7.36 0 0 0 -2.34 73141.32 2665.63 -2.24 47.79
1 1 1 1 10 40.723451 -74.016722 2663.96 1.78 -1.6 -6.85 0 0 0 -2.38 73156.77 2663.96 -2.28 48.24
1 1 1 1 7 40.723467 -74.016756 2662.21 0.22 0.66 -7.61 0 0 0 -2.07 73172.92 2662.21 -1.97 45.24
1 1 1 1 10 40.723492 -74.016779 2660.38 -0.16 1.47 -7.65 0 0 0 -2.4 73189.78 2660.38 -2.3 45.33
1 1 1 1 8 40.723534 -74.016799 2658.5 0.26 0.64 -5.21 0 0 0 -2.54 73207.13 2658.5 -2.44 47.9
1 1 1 1 9 40.723576 -74.016826 2656.57 -1.75 -1.38 -5.46 0 0 0 -2.51 73224.99 2656.57 -2.41 47.49
1 1 1 1 8 40.723622 -74.016866 2654.59 -0.27 -0.73 -4.85 0 0 0 -2.49 73243.29 2654.59 -2.39 46.68
1 1 1 1 9 40.723639 -74.016898 2652.54 1.61 -1.95 -6.05 0 0 0 -2.34 73262.16 2652.54 -2.24 45.61
1 1 1 1 10 40.72366 -74.016934 2650.45 -1.91 -1.75 -5.72 0 0 0 -2.5 73281.56 2650.45 -2.4 45.21
1 1 1 1 10 40.723676 -74.016958 2648.27 -0.1 -0.81 -7.36 0 0 0 -2.27 73301.65 2648.27 -2.17 46.42
1 1 1 1 8 40.72371 -74.016977 2646.04 1.32 1.75 -6.06 0 0 0 -2.21 73322.3 2646.04 -2.11 47.48
1 1 1 1 7 40.72375 -74.017004 2643.75 -1.21 0.24 -5.28 0 0 0 -2.02 73343.44 2643.75 -1.92 46.33
1 1 1 1 9 40.723793 -74.017047 2641.39 1.14 0.83 -6.94 0 0 0 -2.31 73365.23 2641.39 -2.21 45.77
1 1 1 1 10 40.723834 -74.017094 2638.97 -1.8 1.3 -7.04 0 0 0 -1.88 73387.68 2638.97 -1.78 46.29
1 1 1 1 9 40.723847 -74.017136 2636.49 1.33 -1.44 -4.83 0 0 0 -2.04 73410.58 2636.49 -1.94 46.17
1 1 1 1 9 40.723893 -74.017167 2633.97 1.22 1.96 -4.86 0 0 0 -1.84 73433.93 2633.97 -1.74 46.22
1 1 1 1 10 40.723938 -74.017211 2631.39 0.87 -1.84 -5.24 0 0 0 -2.02 73457.78 2631.39 -1.92 47.27
1 1 1 1 8 40.723964 -74.017259 2628.76 -0.58 -0.46 -5.89 0 0 0 -2.06 73482.17 2628.76 -1.96 47.95
1 1 1 1 8 40.723985 -74.017295 2626.06 1.09 0.92 -6.11 0 0 0 -2.09 73507.14 2626.06 -1.99 48.44
1 1 1 1 8 40.72402 -74.017336 2623.31 -0.54 -0.97 -5.92 0 0 0 -2.07 73532.67 2623.31 -1.97 46.21
1 1 1 1 7 40.724055 -74.017379 2620.5 -0.26 0.35 -5.29 0 0 0 -2.09 73558.69 2620.5 -1.99 46.79
1 1 1 1 10 40.724091 -74.017389 2617.64 1.39 -1.62 -5.59 0 0 0 -1.88 73585.24 2617.64 -1.78 45.62
1 1 1 1 10 40.724104 -74.017426 2614.7 -0.78 -0.77 -7.7 0 0 0 -2.11 73612.52 2614.7 -2.01 45.51
1 1 1 1 7 40.724138 -74.017458 2611.69 0.23 -0.36 -6.18 0 0 0 -2.05 73640.37 2611.69 -1.95 47.92
1 1 1 1 9 40.724183 -74.017504 2608.62 -1.29 1.36 -7.11 0 0 0 -2.19 73668.89 2608.62 -2.09 45.52
1 1 1 1 8 40.724223 -74.017514 2605.47 -1.48 0.44 -7.24 0 0 0 -1.91 73698.09 2605.47 -1.81 48.93
1 1 1 1 7 40.724255 -74.017533 2602.26 0.71 -0.82 -6.54 0 0 0 -1.75 73727.91 2602.26 -1.65 48.93
1 1 1 1 10 40.724266 -74.017548 2598.98 1.25 0.22 -6.58 0 0 0 -2.14 73758.35 2598.98 -2.04 48.96
1 1 1 1 10 40.724302 -74.017568 2595.65 0.07 -1.94 -5.54 0 0 0 -2.09 73789.32 2595.65 -1.99 46.47
1 1 1 1 9 40.724322 -74.017579 2592.27 -0.43 0.64 -4.84 0 0 0 -1.6 73820.75 2592.27 -1.5 48.26
1 1 1 1 9 40.724344 -74.017591 2588.84 -0.34 0.02 -5.28 0 0 0 -1.67 73852.67 2588.84 -1.57 48.89
1 1 1 1 7 40.724376 -74.017609 2585.32 -1.12 -0.14 -7.72 0 0 0 -1.92 73885.33 2585.32 -1.82 45.08
1 1 1 1 9 40.724424 -74.017647 2581.76 -1.45 -0.5 -5.46 0 0 0 -1.75 73918.51 2581.76 -1.65 46.87
1 1 1 1 9 40.724469 -74.017695 2578.14 -0.86 0.66 -5.33 0 0 0 -1.85 73952.19 2578.14 -1.75 46.77
1 1 1 1 7 40.724481 -74.017729 2574.45 -0.63 -0.04 -6.54 0 0 0 -1.6 73986.5 2574.45 -1.5 48.98
1 1 1 1 10 40.7245 -74.017744 2570.72 0.76 1.01 -5.4 0 0 0 -1.93 74021.32 2570.72 -1.83 48.62
1 1 1 1 7 40.724516 -74.017786 2566.93 -1.39 -0.21 -5.11 0 0 0 -1.8 74056.64 2566.93 -1.7 47.12
1 1 1 1 8 40.724555 -74.017826 2563.06 0.98 0.69 -7.79 0 0 0 -1.82 74092.69 2563.06 -1.72 48.08
1 1 1 1 9 40.724604 -74.017848 2559.14 -1.82 -1.71 -5.07 0 0 0 -1.42 74129.23 2559.14 -1.32 48.7
1 1 1 1 7 40.724624 -74.017861 2555.15 0.14 0.84 -7.64 0 0 0 -1.72 74166.5 2555.15 -1.62 46.28
1 1 1 1 8 40.724646 -74.017901 2551.09 0.93 0.18 -6.12 0 0 0 -1.73 74204.35 2551.09 -1.63 48.82
1 1 1 1 9 40.724689 -74.01793 2546.98 0.74 -0.64 -5.53 0 0 0 -1.26 74242.74 2546.98 -1.16 48.96
1 1 1 1 8 40.724708 -74.017958 2542.81 1.24 0.15 -5.53 0 0 0 -1.33 74281.65 2542.81 -1.23 48.03
1 1 1 1 9 40.724742 -74.018007 2538.59 0.95 1.1 -5.98 0 0 0 -1.39 74321.15 2538.59 -1.29 47.47
1 1 1 1 8 40.724774 -74.018038 2534.29 -1.15 -1.25 -6.89 0 0 0 -1.47 74361.3 2534.29 -1.37 48.33
1 1 1 1 8 40.724791 -74.018074 2529.94 0.46 1.18 -5.74 0 0 0 -1.74 74402.01 2529.94 -1.64 47.57
1 1 1 1 7 40.724831 -74.018113 2525.51 -1.59 0.86 -7.4 0 0 0 -1.46 74443.43 2525.51 -1.36 45.57
1 1 1 1 7 40.724874 -74.018149 2521.02 -0.02 -0.58 -6.43 0 0 0 -1.38 74485.48 2521.02 -1.28 46.76
1 1 1 1 9 40.724901 -74.018183 2516.48 0.22 1.66 -5.26 0 0 0 -1.49 74528.03 2516.48 -1.39 49.06
1 1 1 1 8 40.724935 -74.018204 2511.88 -0.88 1.76 -5.29 0 0 0 -1.16 74571.1 2511.88 -1.06 49.34
1 1 1 1 10 40.724965 -74.01825 2507.21 -1.42 -1.25 -7.75 0 0 0 -1.3 74614.91 2507.21 -1.2 45.56
1 1 1 1 7 40.725011 -74.018263 2502.48 -1.49 1.94 -5.26 0 0 0 -1.2 74659.24 2502.48 -1.1 46.24
1 1 1 1 8 40.725058 -74.018277 2497.7 0.91 0.77 -5.41 0 0 0 -1.47 74704.1 2497.7 -1.37 49.28
1 1 1 1 9 40.725069 -74.01832 2492.87 1.91 0.07 -4.87 0 0 0 -1.24 74749.44 2492.87 -1.14 46.33
1 1 1 1 10 40.725095 -74.018364 2487.99 -0.5 -1.49 -5.18 0 0 0 -1.07 74795.28 2487.99 -0.97 49.37
1 1 1 1 10 40.725113 -74.018376 2483.06 -1.53 1.24 -5.29 0 0 0 -1.38 74841.65 2483.06 -1.28 47.28
1 1 1 1 7 40.725153 -74.018397 2478.05 -1.82 -1.92 -6.89 0 0 0 -0.98 74888.69 2478.05 -0.88 49.38
1 1 1 1 8 40.725171 -74.018426 2472.99 -1.13 -0.5 -6.08 0 0 0 -0.97 74936.32 2472.99 -0.87 46.64
1 1 1 1 8 40.725207 -74.018456 2467.85 1.24 -1.47 -7.74 0 0 0 -0.79 74984.71 2467.85 -0.69 46.28
1 1 1 1 8 40.725234 -74.018492 2462.64 0.88 0.92 -6.27 0 0 0 -0.79 75033.71 2462.64 -0.69 48.52
1 1 1 1 10 40.725277 -74.018503 2457.37 -0.71 1.01 -7.06 0 0 0 -1.24 75083.4 2457.37 -1.14 46.24
1 1 1 1 10 40.725289 -74.018524 2452.03 -0.54 -0.28 -6.19 0 0 0 -0.68 75133.71 2452.03 -0.58 47.68
1 1 1 1 8 40.725324 -74.018545 2446.63 -1.39 0.81 -7.15 0 0 0 -1.11 75184.71 2446.63 -1.01 46.11
1 1 1 1 8 40.725345 -74.01857 2441.17 -0.81 0.04 -4.9 0 0 0 -0.89 75236.21 2441.17 -0.79 46.44
1 1 1 1 7 40.725386 -74.018593 2435.64 0.66 1.46 -7.46 0 0 0 -0.97 75288.44 2435.64 -0.87 49.32
1 1 1 1 10 40.725413 -74.018606 2430.05 1.85 0.88 -5.58 0 0 0 -0.93 75341.23 2430.05 -0.83 46.89
1 1 1 1 10 40.725454 -74.018631 2424.39 -0.13 -0.97 -7.2 0 0 0 -0.85 75394.73 2424.39 -0.75 46.27
1 1 1 1 10 40.725492 -74.018656 2418.68 -0.27 -1.12 -5.45 0 0 0 -0.62 75448.77 2418.68 -0.52 46.24
1 1 1 1 8 40.725534 -74.018696 2412.89 1.24 -1.29 -7.66 0 0 0 -0.46 75503.57 2412.89 -0.36 48.74
1 1 1 1 7 40.725571 -74.018739 2407.05 -1.54 1.96 -5.11 0 0 0 -0.85 75558.89 2407.05 -0.75 47.81
1 1 1 1 9 40.725603 -74.018777 2401.15 0.67 1.01 -5.22 0 0 0 -0.56 75614.74 2401.15 -0.46 48.43
1 1 1 1 7 40.725632 -74.018817 2395.21 1.13 -0.66 -4.92 0 0 0 -0.62 75671.08 2395.21 -0.52 46.74
1 1 1 1 9 40.72566 -74.018846 2389.21 -0.14 0.94 -5.84 0 0 0 -0.71 75728.01 2389.21 -0.61 50.0
1 1 1 1 9 40.725674 -74.018895 2383.14 -1.69 0.86 -6.84 0 0 0 -0.74 75785.63 2383.14 -0.64 48.52
1 1 1 1 9 40.725693 -74.018931 2376.99 -1.15 -1.94 -7.53 0 0 0 -0.6 75844.0 2376.99 -0.5 46.63
1 1 1 1 10 40.725707 -74.018978 2370.79 -1.62 -1.49 -6.12 0 0 0 -0.53 75902.99 2370.79 -0.43 48.82
1 1 1 1 10 40.725737 -74.018998 2364.51 1.48 -0.43 -6.81 0 0 0 -0.07 75962.66 2364.51 0.03 49.64
1 1 1 1 7 40.725771 -74.019044 2358.17 1.99 0.39 -6.82 0 0 0 -0.5 76023.02 2358.17 -0.4 48.04
1 1 1 1 7 40.725789 -74.019067 2351.76 -0.09 -1.86 -7.25 0 0 0 -0.31 76084.11 2351.76 -0.21 47.8
1 1 1 1 8 40.725823 -74.019115 2345.28 0.82 1.67 -6.16 0 0 0 -0.37 76145.82 2345.28 -0.27 48.13
1 1 1 1 8 40.725855 -74.019159 2338.75 1.89 1.84 -5.52 0 0 0 -0.15 76208.11 2338.75 -0.05 47.67
1 1 1 1 10 40.725887 -74.01918 2332.16 0.14 -1.84 -5.57 0 0 0 0.13 76270.96 2332.16 0.23 48.09
1 1 1 1 10 40.725907 -74.019198 2325.51 -0.92 1.17 -6.57 0 0 0 -0.38 76334.49 2325.51 -0.28 47.86
1 1 1 1 9 40.725955 -74.01921 2318.79 -0.87 0.26 -5.97 0 0 0 0.11 76398.63 2318.79 0.21 49.38
1 1 1 1 9 40.72597 -74.019245 2312.03 1.75 0.02 -5.29 0 0 0 0.03 76463.32 2312.03 0.13 47.52
1 1 1 1 7 40.726013 -74.01926 2305.2 1.89 -0.75 -5.93 0 0 0 -0.16 76528.62 2305.2 -0.06 49.27
1 1 1 1 10 40.726062 -74.019284 2298.33 0.23 0.91 -4.88 0 0 0 0.15 76594.43 2298.33 0.25 47.57
1 1 1 1 7 40.72609 -74.01933 2291.4 -0.17 1.94 -5.15 0 0 0 0.18 76660.78 2291.4 0.28 48.88
1 1 1 1 9 40.726112 -74.019341 2284.4 -1.16 1.01 -7.49 0 0 0 0.35 76727.9 2284.4 0.45 49.53
1 1 1 1 7 40.72613 -74.01937 2277.35 -1.75 0.98 -5.71 0 0 0 0.25 76795.61 2277.35 0.35 49.55
1 1 1 1 9 40.726156 -74.019396 2270.22 1.78 1.4 -6.6 0 0 0 0.16 76864.01 2270.22 0.26 46.67
1 1 1 1 8 40.726169 -74.019431 2263.04 -0.52 -0.01 -5.94 0 0 0 0.57 76933.02 2263.04 0.67 47.68
1 1 1 1 10 40.72621 -74.019473 2255.81 -1.43 -0.3 -4.95 0 0 0 0.29 77002.57 2255.81 0.39 50.16
1 1 1 1 10 40.726241 -74.019504 2248.51 -1.67 -1.64 -6.26 0 0 0 0.61 77072.76 2248.51 0.71 47.48
1 1 1 1 9 40.726271 -74.01954 2241.15 0.07 1.41 -6.72 0 0 0 0.19 77143.66 2241.15 0.29 47.44
1 1 1 1 9 40.7263 -74.019574 2233.72 -0.29 0.16 -6.8 0 0 0 0.32 77215.26 2233.72 0.42 50.35
1 1 1 1 7 40.72635 -74.019611 2226.23 0.65 -1.41 -5.99 0 0 0 0.76 77287.49 2226.23 0.86 48.76
1 1 1 1 7 40.72639 -74.019646 2218.68 -0.03 -1.35 -6.22 0 0 0 0.61 77360.38 2218.68 0.71 50.45
1 1 1 1 10 40.726423 -74.019659 2211.05 -1.56 -0.22 -7.09 0 0 0 0.59 77434.01 2211.05 0.69 48.66
1 1 1 1 7 40.726444 -74.019693 2203.37 1.9 -1.23 -6.6 0 0 0 0.69 77508.34 2203.37 0.79 47.5
1 1 1 1 8 40.726456 -74.019739 2195.63 -1.63 -0.32 -4.92 0 0 0 0.82 77583.2 2195.63 0.92 48.58
1 1 1 1 10 40.726492 -74.019765 2187.83 -0.43 0.14 -5.43 0 0 0 0.82 77658.64 2187.83 0.92 50.98
1 1 1 1 9 40.726511 -74.019793 2179.98 1.25 -1.28 -6.4 0 0 0 0.75 77734.76 2179.98 0.85 49.67
1 1 1 1 10 40.726545 -74.019835 2172.06 -1.58 0.41 -6.51 0 0 0 0.66 77811.57 2172.06 0.76 50.65
1 1 1 1 10 40.726591 -74.019848 2164.08 -1.98 0.46 -5.92 0 0 0 1.09 77889.02 2164.08 1.19 50.12
1 1 1 1 10 40.726605 -74.019875 2156.03 -1.69 -0.2 -6.12 0 0 0 0.99 77967.13 2156.03 1.09 48.27
1 1 1 1 9 40.726622 -74.019916 2147.94 -1.68 1.42 -5.02 0 0 0 1.28 78045.79 2147.94 1.38 49.83
1 1 1 1 7 40.726671 -74.019938 2139.79 0.17 1.73 -5.66 0 0 0 1.2 78125.06 2139.79 1.3 50.73
1 1 1 1 7 40.726717 -74.019978 2131.57 1.12 -1.13 -7.13 0 0 0 0.91 78205.1 2131.57 1.01 49.16
1 1 1 1 7 40.726747 -74.02 2123.3 0.96 -0.96 -4.96 0 0 0 1.03 78285.68 2123.3 1.13 50.06
1 1 1 1 7 40.726786 -74.020044 2114.98 -1.04 1.39 -5.77 0 0 0 0.96 78366.89 2114.98 1.06 50.17
1 1 1 1 10 40.726804 -74.02007 2106.59 -0.26 -1.56 -5.82 0 0 0 1.06 78448.74 2106.59 1.16 50.13
1 1 1 1 10 40.72682 -74.020095 2098.14 -0.62 0.6 -6.5 0 0 0 1.15 78531.29 2098.14 1.25 51.37
1 1 1 1 9 40.72687 -74.020119 2089.63 -1.73 -1.57 -6.1 0 0 0 1.35 78614.51 2089.63 1.45 50.09
1 1 1 1 8 40.726888 -74.02016 2081.05 -1.47 1.44 -6.66 0 0 0 1.5 78698.46 2081.05 1.6 47.97
1 1 1 1 8 40.726936 -74.020199 2072.41 0.57 1.42 -6.74 0 0 0 1.28 78783.13 2072.41 1.38 49.28
1 1 1 1 7 40.726966 -74.020236 2063.69 0.43 1.31 -7.28 0 0 0 1.62 78868.6 2063.69 1.72 50.4
1 1 1 1 9 40.727009 -74.020268 2054.9 0.33 0.88 -7.21 0 0 0 1.94 78954.85 2054.9 2.04 51.25
1 1 1 1 8 40.727052 -74.020318 2046.05 -1.32 -1.61 -6.01 0 0 0 1.72 79041.76 2046.05 1.82 49.12
1 1 1 1 10 40.727085 -74.020357 2037.13 1.72 0.87 -6.99 0 0 0 1.6 79129.44 2037.13 1.7 49.69
1 1 1 1 9 40.727119 -74.020371 2028.13 -0.22 -0.85 -7.14 0 0 0 1.71 79217.9 2028.13 1.81 48.1
1 1 1 1 8 40.727144 -74.020417 2019.07 -1.5 -0.25 -6.91 0 0 0 1.74 79307.13 2019.07 1.84 49.23
1 1 1 1 10 40.727165 -74.020432 2009.95 0.38 0.14 -6.22 0 0 0 1.65 79397.04 2009.95 1.75 50.7
1 1 1 1 7 40.72718 -74.020477 2000.77 0.52 -1.89 -5.29 0 0 0 1.77 79487.57 2000.77 1.87 50.92
1 1 1 1 10 40.727195 -74.02051 1991.52 0.95 0.79 -7.33 0 0 0 1.98 79578.9 1991.52 2.08 48.52
1 1 1 1 7 40.727231 -74.020543 1982.21 -1.06 -1.34 -6.22 0 0 0 2.36 79670.93 1982.21 2.46 50.7
1 1 1 1 10 40.727252 -74.020584 1972.83 1.18 -1.04 -6.92 0 0 0 1.92 79763.73 1972.83 2.02 48.53
1 1 1 1 9 40.727292 -74.020634 1963.37 1.7 0.31 -7.8 0 0 0 1.98 79857.39 1963.37 2.08 50.69
1 1 1 1 9 40.727309 -74.020683 1953.84 1.81 -1.9 -6.96 0 0 0 2.42 79951.83 1953.84 2.52 48.55
1 1 1 1 7 40.72732 -74.020717 1944.26 0.82 0.0 -5.48 0 0 0 2.2 80046.91 1944.26 2.3 52.2
1 1 1 1 9 40.727338 -74.020755 1934.61 0.34 -0.42 -6.72 0 0 0 2.51 80142.74 1934.61 2.61 50.28
1 1 1 1 7 40.727353 -74.020804 1924.89 -1.3 -1.45 -6.98 0 0 0 2.2 80239.36 1924.89 2.3 51.13
1 1 1 1 9 40.727391 -74.020846 1915.11 1.41 -1.3 -6.37 0 0 0 2.64 80336.72 1915.11 2.74 52.35
1 1 1 1 10 40.727428 -74.020856 1905.25 -1.58 -0.75 -7.32 0 0 0 2.4 80434.89 1905.25 2.5 51.19
1 1 1 1 10 40.72745 -74.020891 1895.32 -0.04 0.74 -7.04 0 0 0 2.94 80533.87 1895.32 3.04 52.41
1 1 1 1 8 40.727475 -74.020917 1885.33 0.12 1.24 -5.83 0 0 0 2.55 80633.52 1885.33 2.65 49.11
1 1 1 1 8 40.727487 -74.020967 1875.3 -0.33 -1.06 -5.37 0 0 0 3.02 80733.81 1875.3 3.12 52.24
1 1 1 1 10 40.727505 -74.020987 1865.19 -1.91 -1.29 -6.21 0 0 0 2.75 80834.83 1865.19 2.85 49.05
1 1 1 1 7 40.72753 -74.021025 1855.03 0.66 -1.68 -6.64 0 0 0 3.04 80936.61 1855.03 3.14 49.07
1 1 1 1 8 40.727546 -74.021062 1844.78 0.57 -0.13 -7.56 0 0 0 3.25 81039.25 1844.78 3.35 51.05
1 1 1 1 7 40.727558 -74.021086 1834.47 -1.48 0.15 -6.52 0 0 0 3.2 81142.65 1834.47 3.3 50.66
1 1 1 1 7 40.727601 -74.021126 1824.11 -1.48 0.3 -5.2 0 0 0 3.15 81246.69 1824.11 3.25 50.58
1 1 1 1 7 40.727633 -74.02116 1813.68 -1.52 0.48 -6.71 0 0 0 3.35 81351.5 1813.68 3.45 49.07
1 1 1 1 9 40.72768 -74.021192 1803.21 -1.95 0.86 -4.92 0 0 0 3.49 81456.92 1803.21 3.59 50.35
1 1 1 1 8 40.727705 -74.021229 1792.67 1.24 1.13 -6.39 0 0 0 3.15 81563.1 1792.67 3.25 52.04
1 1 1 1 9 40.727737 -74.02126 1782.07 0.41 -0.26 -4.99 0 0 0 3.7 81669.88 1782.07 3.8 49.31
1 1 1 1 8 40.727752 -74.021281 1771.43 1.63 -0.59 -5.4 0 0 0 3.51 81777.33 1771.43 3.61 50.83
1 1 1 1 10 40.727775 -74.0213 1760.72 -1.74 -1.77 -6.09 0 0 0 3.66 81885.51 1760.72 3.76 52.04
1 1 1 1 8 40.727799 -74.021346 1749.97 -0.85 0.9 -5.1 0 0 0 3.53 81994.32 1749.97 3.63 50.62
1 1 1 1 9 40.72781 -74.021373 1739.16 -1.74 -0.92 -5.19 0 0 0 3.93 82103.77 1739.16 4.03 51.38
1 1 1 1 9 40.727842 -74.021391 1728.29 -1.02 -1.1 -5.45 0 0 0 3.74 82213.9 1728.29 3.84 53.12
1 1 1 1 7 40.727858 -74.021421 1717.37 -1.07 1.85 -5.65 0 0 0 3.96 82324.71 1717.37 4.06 53.37
1 1 1 1 10 40.727875 -74.021461 1706.41 -1.48 1.28 -4.82 0 0 0 4.0 82436.14 1706.41 4.1 51.25
1 1 1 1 9 40.727911 -74.021483 1695.38 1.93 -0.07 -5.43 0 0 0 3.8 82548.24 1695.38 3.9 53.44
1 1 1 1 9 40.727953 -74.021517 1684.3 1.19 -1.66 -6.63 0 0 0 3.76 82661.15 1684.3 3.86 52.25
1 1 1 1 9 40.727986 -74.021541 1673.15 0.2 0.36 -5.79 0 0 0 3.87 82774.76 1673.15 3.97 52.22
1 1 1 1 8 40.727996 -74.021586 1661.94 1.21 -1.4 -6.77 0 0 0 4.38 82889.2 1661.94 4.48 50.17
1 1 1 1 9 40.728018 -74.021626 1650.67 0.11 -0.83 -5.35 0 0 0 4.18 83004.31 1650.67 4.28 51.72
1 1 1 1 10 40.728061 -74.021651 1639.33 0.44 1.21 -6.96 0 0 0 4.32 83120.26 1639.33 4.42 50.05
1 1 1 1 9 40.728108 -74.021688 1627.94 0.61 1.45 -5.4 0 0 0 4.29 83236.89 1627.94 4.39 52.16
1 1 1 1 9 40.728146 -74.021733 1616.47 -1.58 -0.14 -7.28 0 0 0 4.64 83354.41 1616.47 4.74 50.39
1 1 1 1 7 40.728159 -74.021774 1604.94 -0.81 1.35 -7.25 0 0 0 4.49 83472.8 1604.94 4.59 53.32
1 1 1 1 8 40.728203 -74.021792 1593.34 -1.64 -1.89 -6.22 0 0 0 4.73 83591.98 1593.34 4.83 51.21
1 1 1 1 7 40.728225 -74.021803 1581.68 -1.2 0.6 -6.06 0 0 0 4.76 83711.91 1581.68 4.86 53.71
1 1 1 1 7 40.72826 -74.021816 1569.95 -0.08 -1.66 -6.71 0 0 0 4.89 83832.67 1569.95 4.99 53.06
1 1 1 1 7 40.728302 -74.021863 1558.17 1.1 1.33 -5.32 0 0 0 4.79 83954.12 1558.17 4.89 52.7
1 1 1 1 10 40.728352 -74.021885 1546.32 -0.66 0.51 -7.49 0 0 0 5.15 84076.49 1546.32 5.25 54.14
1 1 1 1 8 40.728367 -74.021914 1534.39 -0.49 1.51 -7.49 0 0 0 4.84 84199.78 1534.39 4.94 50.71
1 1 1 1 7 40.728401 -74.021936 1522.4 -1.59 -0.98 -5.42 0 0 0 5.17 84323.77 1522.4 5.27 52.67
1 1 1 1 9 40.72845 -74.021971 1510.36 -0.37 0.71 -6.32 0 0 0 4.92 84448.57 1510.36 5.02 54.09
1 1 1 1 9 40.72847 -74.021995 1498.25 1.97 -1.55 -5.92 0 0 0 5.26 84574.14 1498.25 5.36 52.29
1 1 1 1 7 40.728502 -74.022024 1486.08 -0.59 0.93 -6.45 0 0 0 5.31 84700.52 1486.08 5.41 51.88
1 1 1 1 7 40.728515 -74.022068 1473.84 -1.74 1.21 -6.74 0 0 0 5.62 84827.76 1473.84 5.72 51.21
1 1 1 1 7 40.728535 -74.022105 1461.54 0.88 -0.62 -6.9 0 0 0 5.44 84955.87 1461.54 5.54 51.13
1 1 1 1 9 40.728582 -74.022138 1449.16 1.59 -0.13 -6.43 0 0 0 5.41 85084.81 1449.16 5.51 51.3
1 1 1 1 8 40.728631 -74.022151 1436.73 1.3 0.19 -5.84 0 0 0 5.8 85214.51 1436.73 5.9 54.03
1 1 1 1 10 40.728648 -74.022185 1424.24 0.45 -0.77 -6.3 0 0 0 5.78 85345.04 1424.24 5.88 52.49
1 1 1 1 8 40.72866 -74.022228 1411.7 -1.8 1.52 -5.3 0 0 0 5.69 85476.28 1411.7 5.79 52.48
1 1 1 1 7 40.728698 -74.022275 1399.1 -1.41 -0.18 -4.92 0 0 0 5.69 85608.2 1399.1 5.79 53.8
1 1 1 1 10 40.728743 -74.022302 1386.43 -0.59 -0.69 -7.65 0 0 0 6.01 85741.09 1386.43 6.11 51.89
1 1 1 1 9 40.72879 -74.022323 1373.69 -1.46 0.88 -7.17 0 0 0 6.18 85874.9 1373.69 6.28 54.73
1 1 1 1 7 40.728835 -74.022355 1360.88 -0.09 -0.94 -6.57 0 0 0 5.87 86009.56 1360.88 5.97 53.47
1 1 1 1 9 40.728883 -74.022378 1348.0 1.59 1.39 -7.04 0 0 0 6.52 86145.14 1348.0 6.62 52.28
1 1 1 1 8 40.728906 -74.022397 1335.05 -0.02 -1.66 -6.4 0 0 0 6.3 86281.57 1335.05 6.4 53.66
1 1 1 1 10 40.728935 -74.022413 1322.04 -0.98 -0.29 -7.53 0 0 0 6.4 86418.97 1322.04 6.5 54.51
1 1 1 1 10 40.728981 -74.022457 1308.95 0.28 1.35 -6.87 0 0 0 6.51 86557.27 1308.95 6.61 52.43
1 1 1 1 9 40.728997 -74.022497 1295.81 1.23 0.09 -5.51 0 0 0 6.4 86696.33 1295.81 6.5 53.75
1 1 1 1 7 40.72904 -74.02253 1282.61 0.1 -0.58 -5.53 0 0 0 6.61 86836.17 1282.61 6.71 53.02
1 1 1 1 7 40.729084 -74.022559 1269.36 -1.55 -1.58 -5.14 0 0 0 6.84 86976.72 1269.36 6.94 53.96
1 1 1 1 9 40.729115 -74.0226 1256.05 -0.65 0.13 -6.28 0 0 0 7.03 87118.13 1256.05 7.13 53.95
1 1 1 1 7 40.729142 -74.022627 1242.68 -1.52 -0.47 -5.4 0 0 0 6.87 87260.31 1242.68 6.97 53.34
1 1 1 1 7 40.729158 -74.02267 1229.25 -0.02 -1.68 -6.42 0 0 0 6.86 87403.35 1229.25 6.96 53.89
1 1 1 1 8 40.72919 -74.022719 1215.75 -1.12 0.47 -7.3 0 0 0 7.07 87547.36 1215.75 7.17 55.65
1 1 1 1 7 40.729228 -74.022733 1202.19 -0.6 -1.88 -5.44 0 0 0 6.96 87692.15 1202.19 7.06 52.03
1 1 1 1 8 40.729263 -74.022773 1188.58 -1.93 1.75 -5.48 0 0 0 7.1 87837.72 1188.58 7.2 55.46
1 1 1 1 9 40.729303 -74.022818 1174.9 -0.41 1.22 -6.23 0 0 0 7.29 87984.15 1174.9 7.39 55.21
1 1 1 1 10 40.729342 -74.022849 1161.18 0.64 1.01 -5.08 0 0 0 7.56 88131.32 1161.18 7.66 53.96
1 1 1 1 10 40.729376 -74.022861 1147.38 -1.16 -1.35 -7.46 0 0 0 7.38 88279.49 1147.38 7.48 54.6
1 1 1 1 10 40.729398 -74.022884 1133.52 -1.41 0.48 -6.21 0 0 0 7.35 88428.53 1133.52 7.45 52.92
1 1 1 1 8 40.729435 -74.022909 1119.59 1.52 -1.7 -6.58 0 0 0 7.66 88578.49 1119.59 7.76 53.34
1 1 1 1 8 40.729451 -74.022955 1105.61 0.98 1.48 -5.27 0 0 0 7.69 88729.22 1105.61 7.79 53.89
1 1 1 1 9 40.729493 -74.022967 1091.57 -0.93 0.66 -6.12 0 0 0 7.84 88880.81 1091.57 7.94 55.71
1 1 1 1 8 40.729529 -74.022982 1077.47 -1.56 -1.49 -5.22 0 0 0 7.73 89033.19 1077.47 7.83 52.74
1 1 1 1 10 40.729551 -74.023029 1063.32 1.57 -1.25 -5.83 0 0 0 8.21 89186.4 1063.32 8.31 54.11
1 1 1 1 8 40.729593 -74.023056 1049.11 -1.12 -0.31 -6.41 0 0 0 8.38 89340.52 1049.11 8.48 56.17
1 1 1 1 9 40.729636 -74.023068 1034.81 -0.23 0.77 -7.74 0 0 0 8.36 89495.71 1034.81 8.46 53.57
1 1 1 1 7 40.729685 -74.023089 1020.47 1.93 -1.45 -5.15 0 0 0 8.62 89651.66 1020.47 8.72 55.28
1 1 1 1 10 40.729699 -74.023132 1006.05 -1.96 -1.45 -7.15 0 0 0 8.73 89808.62 1006.05 8.83 54.85
1 1 1 1 10 40.729735 -74.023175 991.58 -1.53 -1.3 -4.95 0 0 0 8.28 89966.34 991.58 8.38 56.22
1 1 1 1 8 40.72975 -74.023196 977.05 1.85 -0.9 -7.29 0 0 0 8.56 90125.08 977.05 8.66 53.41
1 1 1 1 9 40.729788 -74.023242 962.45 1.03 -1.93 -6.07 0 0 0 9.03 90284.71 962.45 9.13 56.46
1 1 1 1 7 40.729829 -74.023269 947.8 -0.05 1.22 -5.04 0 0 0 9.03 90445.13 947.8 9.13 53.33
1 1 1 1 7 40.729865 -74.023303 933.09 1.64 -0.42 -5.62 0 0 0 8.72 90606.39 933.09 8.82 57.1
1 1 1 1 10 40.729902 -74.023352 918.32 1.89 0.51 -6.46 0 0 0 8.74 90768.59 918.32 8.84 57.11
1 1 1 1 10 40.729944 -74.023385 903.49 1.56 -0.4 -6.09 0 0 0 9.4 90931.7 903.49 9.5 54.7
1 1 1 1 9 40.729972 -74.023426 888.58 -1.79 -0.06 -7.68 0 0 0 9.47 91095.89 888.58 9.57 53.82
1 1 1 1 10 40.730001 -74.023458 873.6 1.98 -0.05 -6.8 0 0 0 9.45 91261.07 873.6 9.55 57.59
1 1 1 1 10 40.730041 -74.023479 858.55 0.96 0.6 -7.65 0 0 0 9.61 91427.34 858.55 9.71 57.26
1 1 1 1 9 40.730052 -74.023512 843.45 0.83 -0.55 -5.01 0 0 0 9.27 91594.42 843.45 9.37 56.29
1 1 1 1 9 40.730098 -74.023523 828.28 -0.69 1.87 -6.52 0 0 0 9.51 91762.46 828.28 9.61 57.2
1 1 1 1 9 40.730115 -74.023541 813.06 -1.68 -1.47 -4.94 0 0 0 9.57 91931.29 813.06 9.67 55.82
1 1 1 1 10 40.730132 -74.023568 797.77 -0.44 -0.22 -7.22 0 0 0 9.84 92101.19 797.77 9.94 55.61
1 1 1 1 7 40.730144 -74.02359 782.41 -1.4 0.58 -6.6 0 0 0 10.09 92272.07 782.41 10.19 57.52
1 1 1 1 8 40.730159 -74.023637 767.0 -0.54 -1.89 -5.45 0 0 0 9.75 92443.82 767.0 9.85 57.14
1 1 1 1 10 40.730178 -74.02365 751.53 -1.08 -1.06 -5.84 0 0 0 10.41 92616.47 751.53 10.51 55.83
1 1 1 1 9 40.730202 -74.023681 736.0 -1.62 -2.0 -6.03 0 0 0 10.33 92790.07 736.0 10.43 57.73
1 1 1 1 8 40.730224 -74.023724 720.41 1.45 1.34 -6.92 0 0 0 10.05 92964.7 720.41 10.15 57.57
1 1 1 1 10 40.730271 -74.023758 704.74 0.24 -0.83 -6.49 0 0 0 10.29 93140.33 704.74 10.39 57.7
1 1 1 1 9 40.730303 -74.023783 689.03 1.22 1.16 -5.38 0 0 0 10.23 93316.83 689.03 10.33 56.67
1 1 1 1 10 40.73033 -74.023819 673.23 -1.17 -0.56 -7.57 0 0 0 10.41 93494.45 673.23 10.51 55.69
1 1 1 1 10 40.730349 -74.023845 657.39 1.98 -1.76 -5.36 0 0 0 10.97 93672.95 657.39 11.07 57.24
1 1 1 1 8 40.730392 -74.023875 641.49 -1.4 -0.78 -5.04 0 0 0 10.99 93852.29 641.49 11.09 57.27
1 1 1 1 8 40.730409 -74.023904 625.53 -1.97 -0.77 -6.61 0 0 0 10.73 94032.67 625.53 10.83 58.47
1 1 1 1 7 40.730458 -74.02392 609.51 1.8 1.57 -5.09 0 0 0 10.89 94213.89 609.51 10.99 57.81
1 1 1 1 10 40.730495 -74.023956 593.45 1.93 -1.27 -5.09 0 0 0 10.87 94395.98 593.45 10.97 56.01
1 1 1 1 8 40.730543 -74.023997 577.32 -0.46 0.64 -6.33 0 0 0 11.18 94579.07 577.32 11.28 57.55
1 1 1 1 10 40.730574 -74.024025 561.13 1.19 1.69 -5.79 0 0 0 11.49 94763.11 561.13 11.59 56.72
1 1 1 1 8 40.730597 -74.024035 544.89 0.35 -1.46 -5.45 0 0 0 11.69 94948.05 544.89 11.79 58.74
1 1 1 1 9 40.730622 -74.024067 528.58 -1.34 0.21 -7.7 0 0 0 11.27 95134.17 528.58 11.37 56.44
1 1 1 1 9 40.730635 -74.0241 512.18 0.83 -1.49 -7.44 0 0 0 11.41 95321.44 512.18 11.51 58.23
1 1 1 1 9 40.730679 -74.024129 495.72 1.31 -0.06 -6.93 0 0 0 11.57 95509.8 495.72 11.67 57.62
1 1 1 1 9 40.730711 -74.024173 479.19 -1.38 -0.34 -7.46 0 0 0 11.79 95699.31 479.19 11.89 58.51
1 1 1 1 7 40.730748 -74.0242 462.59 -1.72 0.59 -6.58 0 0 0 12.22 95889.89 462.59 12.32 59.31
1 1 1 1 10 40.73079 -74.024239 445.93 1.2 0.78 -5.81 0 0 0 12.06 96081.44 445.93 12.16 59.3
1 1 1 1 9 40.730834 -74.02428 429.21 -0.64 -1.15 -5.93 0 0 0 12.26 96273.98 429.21 12.36 59.12
1 1 1 1 9 40.730883 -74.02431 412.43 1.52 0.81 -6.01 0 0 0 12.54 96467.53 412.43 12.64 59.48
1 1 1 1 8 40.730906 -74.024345 395.57 0.8 -1.63 -7.66 0 0 0 12.2 96662.28 395.57 12.3 57.0
1 1 1 1 8 40.730934 -74.024373 378.66 1.1 0.46 -5.76 0 0 0 12.72 96858.01 378.66 12.82 56.3
1 1 1 1 7 40.730955 -74.024413 361.69 -1.34 0.85 -5.36 0 0 0 12.84 97054.69 361.69 12.94 59.15
1 1 1 1 7 40.730996 -74.024451 344.65 0.85 1.77 -7.52 0 0 0 12.75 97252.56 344.65 12.85 57.85
1 1 1 1 7 40.731042 -74.024468 327.54 0.48 1.48 -6.91 0 0 0 12.59 97451.57 327.54 12.69 59.18
1 1 1 1 8 40.731074 -74.024495 310.36 1.34 0.62 -7.15 0 0 0 13.16 97651.74 310.36 13.26 58.51
1 1 1 1 10 40.731094 -74.024515 293.11 0.58 -0.31 -6.79 0 0 0 13.1 97853.04 293.11 13.2 58.1
1 1 1 1 8 40.731106 -74.024536 275.8 -0.37 -0.25 -5.97 0 0 0 13.5 98055.37 275.8 13.6 57.06
1 1 1 1 9 40.731122 -74.024567 258.42 -1.88 1.87 -6.54 0 0 0 13.6 98258.8 258.42 13.7 58.87
1 1 1 1 8 40.731166 -74.024617 240.98 1.85 0.12 -7.01 0 0 0 13.61 98463.4 240.98 13.71 60.71
1 1 1 1 8 40.731184 -74.024645 223.47 -1.25 1.91 -5.84 0 0 0 13.6 98669.03 223.47 13.7 58.69
1 1 1 1 10 40.731231 -74.024693 205.91 -0.35 0.51 -6.01 0 0 0 13.88 98875.72 205.91 13.98 58.6
1 1 1 1 7 40.731262 -74.024713 188.29 0.63 1.01 -5.29 0 0 0 13.85 99083.38 188.29 13.95 57.59
1 1 1 1 7 40.731283 -74.024727 170.61 0.54 1.66 -6.9 0 0 0 14.0 99292.21 170.61 14.1 58.96
1 1 1 1 8 40.731306 -74.024776 152.86 1.28 -0.35 -6.28 0 0 0 13.95 99502.14 152.86 14.05 60.05
1 1 1 1 7 40.731328 -74.024795 135.04 -1.57 0.75 -6.28 0 0 0 13.88 99713.17 135.04 13.98 57.64
1 1 1 1 10 40.731377 -74.02483 117.16 0.75 -0.9 -7.33 0 0 0 14.35 99925.44 117.16 14.45 61.39
1 1 1 1 7 40.731424 -74.024859 99.21 0.6 1.76 -6.14 0 0 0 14.07 100138.8 99.21 14.17 59.15
1 1 1 1 7 40.731457 -74.024882 81.2 1.46 -0.26 -6.18 0 0 0 14.51 100353.27 81.2 14.61 58.41
1 1 1 1 9 40.731501 -74.02492 63.14 -1.45 1.1 -5.18 0 0 0 14.77 100568.73 63.14 14.87 60.9
1 1 1 1 7 40.731545 -74.024932 45.02 1.64 0.37 -6.1 0 0 0 14.57 100785.29 45.02 14.67 58.09
1 1 1 1 9 40.731583 -74.024971 26.85 -1.25 0.34 -5.35 0 0 0 14.88 101002.87 26.85 14.98 58.87
1 1 1 1 10 40.7316 -74.024992 8.61 -1.59 0.77 -6.41 0 0 0 15.03 101221.6 8.61 15.13 61.85
1 1 1 1 7 40.731625 -74.025036 0 0.54 0.72 -5.8 0 0 0 14.71 101325.0 0 14.81 59.25
1 1 1 1 7 40.731654 -74.025047 0 1.99 -1.77 -7.29 0 0 0 15.1 101325.0 0 15.2 58.21
1 1 1 1 10 40.731698 -74.025088 0 0.09 0.68 -6.54 0 0 0 15.2 101325.0 0 15.3 58.94
1 1 1 1 10 40.731739 -74.025101 0 -0.8 0.86 -7.78 0 0 0 14.83 101325.0 0 14.93 60.72
1 1 1 1 7 40.731785 -74.025147 0 -1.96 1.07 -7.48 0 0 0 14.81 101325.0 0 14.91 58.26
1 1 1 1 10 40.731813 -74.025164 0 1.85 -1.96 -5.57 0 0 0 14.96 101325.0 0 15.06 59.51
1 1 1 1 8 40.731849 -74.025203 0 -0.73 -0.79 -5.01 0 0 0 14.72 101325.0 0 14.82 59.24
1 1 1 1 7 40.731891 -74.025223 0 1.39 -1.26 -6.13 0 0 0 14.83 101325.0 0 14.93 59.15
1 1 1 1 8 40.731933 -74.025272 0 0.3 0.89 -5.22 0 0 0 14.73 101325.0 0 14.83 61.08
1 1 1 1 8 40.73196 -74.02531 0 0.19 1.61 -7.76 0 0 0 14.87 101325.0 0 14.97 58.13
1 1 1 1 10 40.731986 -74.025334 0 1.05 1.3 -6.08 0 0 0 15.21 101325.0 0 15.31 58.81
1 1 1 1 8 40.732009 -74.025382 0 -1.96 1.31 -5.42 0 0 0 14.93 101325.0 0 15.03 61.54
1 1 1 1 9 40.732051 -74.025427 0 -1.11 1.75 -7.43 0 0 0 14.79 101325.0 0 14.89 61.36
1 1 1 1 7 40.732081 -74.025471 0 1.96 1.92 -5.0 0 0 0 14.79 101325.0 0 14.89 60.36
1 1 1 1 7 40.732119 -74.025513 0 -1.53 1.43 -6.78 0 0 0 14.93 101325.0 0 15.03 59.82
1 1 1 1 10 40.732141 -74.025526 0 1.62 -0.03 -7.19 0 0 0 15.23 101325.0 0 15.33 58.14
1 1 1 1 10 40.732161 -74.025545 0 0.19 -0.13 -6.96 0 0 0 14.84 101325.0 0 14.94 60.25
1 1 1 1 9 40.732175 -74.025585 0 1.31 -1.03 -4.81 0 0 0 15.02 101325.0 0 15.12 60.69
1 1 1 1 8 40.732199 -74.025625 0 0.85 0.83 -5.5 0 0 0 15.15 101325.0 0 15.25 61.21
1 1 1 1 7 40.732234 -74.025662 0 1.87 1.42 -6.36 0 0 0 14.71 101325.0 0 14.81 59.19
1 1 1 1 10 40.73227 -74.025691 0 -0.79 1.89 -7.51 0 0 0 15.14 101325.0 0 15.24 58.24
1 1 1 1 10 40.7323 -74.025722 0 1.66 0.6 -7.44 0 0 0 14.92 101325.0 0 15.02 61.39
1 1 1 1 7 40.732338 -74.025741 0 -0.5 -0.91 -6.39 0 0 0 15.04 101325.0 0 15.14 61.33
1 1 1 1 9 40.732369 -74.025779 0 0.19 -1.03 -6.75 0 0 0 14.98 101325.0 0 15.08 58.18
1 1 1 1 8 40.732417 -74.025817 0 0.25 0.64 -5.67 0 0 0 15.0 101325.0 0 15.1 60.74
1 1 1 1 7 40.732451 -74.025858 0 -1.4 -0.55 -4.88 0 0 0 14.72 101325.0 0 14.82 60.32
1 1 1 1 7 40.732464 -74.025878 0 0.14 -1.84 -6.2 0 0 0 14.8 101325.0 0 14.9 59.39
1 1 1 1 10 40.732505 -74.025917 0 -0.7 -0.93 -7.55 0 0 0 15.04 101325.0 0 15.14 61.18
1 1 1 1 8 40.732551 -74.02593 0 -0.85 1.82 -7.78 0 0 0 14.78 101325.0 0 14.88 60.62
1 1 1 1 9 40.732564 -74.025946 0 -0.37 0.07 -6.6 0 0 0 15.25 101325.0 0 15.35 59.27
1 1 1 1 7 40.732607 -74.025996 0 -1.22 1.05 -5.61 0 0 0 14.8 101325.0 0 14.9 59.68
1 1 1 1 10 40.732633 -74.026045 0 -0.75 1.39 -5.55 0 0 0 14.77 101325.0 0 14.87 58.92
1 1 1 1 10 40.732655 -74.026061 0 0.45 1.5 -6.8 0 0 0 15.08 101325.0 0 15.18 61.8
1 1 1 1 7 40.732671 -74.026106 0 -1.06 -0.11 -5.02 0 0 0 15.08 101325.0 0 15.18 59.64
1 1 1 1 7 40.732696 -74.026151 0 -1.08 1.82 -6.61 0 0 0 14.73 101325.0 0 14.83 59.66
1 1 1 1 7 40.732726 -74.026164 0 0.28 -0.97 -5.21 0 0 0 15.03 101325.0 0 15.13 58.36
1 1 1 1 7 40.732757 -74.026203 0 1.76 0.61 -5.87 0 0 0 15.06 101325.0 0 15.16 59.26
1 1 1 1 8 40.732775 -74.026242 0 1.06 -0.69 -5.26 0 0 0 14.86 101325.0 0 14.96 58.32
1 1 1 1 10 40.732792 -74.026258 0 1.16 -1.84 -7.26 0 0 0 15.28 101325.0 0 15.38 60.84
1 1 1 1 8 40.73283 -74.026297 0 1.68 0.62 -5.33 0 0 0 14.87 101325.0 0 14.97 61.58
1 1 1 1 7 40.732863 -74.026342 0 -0.23 -1.09 -7.23 0 0 0 15.2 101325.0 0 15.3 61.18
1 1 1 1 9 40.732878 -74.026386 0 0.56 0.07 -4.96 0 0 0 15.01 101325.0 0 15.11 58.29
1 1 1 1 9 40.732889 -74.026426 0 0.81 -0.78 -5.56 0 0 0 15.13 101325.0 0 15.23 59.06
1 1 1 1 10 40.73291 -74.026465 0 0.17 -1.18 -4.9 0 0 0 14.8 101325.0 0 14.9 61.45
1 1 1 1 8 40.732939 -74.026503 0 0.95 1.78 -7.43 0 0 0 15.14 101325.0 0 15.24 60.41
1 1 1 1 8 40.732959 -74.026538 0 -1.11 -1.92 -5.6 0 0 0 14.78 101325.0 0 14.88 59.03
1 1 1 1 8 40.733002 -74.026558 0 1.93 0.35 -6.84 0 0 0 15.09 101325.0 0 15.19 58.11
1 1 1 1 9 40.733015 -74.026583 0 -1.02 0.42 -5.75 0 0 0 14.85 101325.0 0 14.95 59.17
1 1 1 1 7 40.73303 -74.026624 0 0.22 0.36 -6.73 0 0 0 15.24 101325.0 0 15.34 58.2
1 1 1 1 10 40.733058 -74.026663 0 0.81 1.43 -7.74 0 0 0 15.17 101325.0 0 15.27 61.66
1 1 1 1 8 40.733079 -74.02668 0 1.7 1.08 -7.54 0 0 0 14.9 101325.0 0 15.0 61.05
1 1 1 1 8 40.733096 -74.026706 0 -1.01 0.55 -5.05 0 0 0 14.92 101325.0 0 15.02 61.89
1 1 1 1 8 40.733128 -74.026732 0 -1.17 0.29 -5.51 0 0 0 14.88 101325.0 0 14.98 60.72
1 1 1 1 7 40.733164 -74.026776 0 1.81 -1.6 -6.23 0 0 0 15.04 101325.0 0 15.14 58.44
1 1 1 1 7 40.733199 -74.026814 0 -0.55 1.25 -6.13 0 0 0 14.77 101325.0 0 14.87 61.08
1 1 1 1 9 40.733238 -74.026827 0 0.32 1.11 -5.25 0 0 0 14.82 101325.0 0 14.92 59.77
1 1 1 1 10 40.733276 -74.026843 0 -1.52 0.89 -7.32 0 0 0 15.0 101325.0 0 15.1 60.14
1 1 1 1 9 40.733295 -74.026854 0 -1.17 -0.81 -5.99 0 0 0 14.74 101325.0 0 14.84 58.77
1 1 1 1 10 40.733324 -74.026878 0 -0.56 1.32 -5.1 0 0 0 15.12 101325.0 0 15.22 59.75
1 1 1 1 10 40.733347 -74.026903 0 -1.91 -0.0 -5.52 0 0 0 14.88 101325.0 0 14.98 61.24
1 1 1 1 10 40.733371 -74.026938 0 1.89 -0.08 -7.36 0 0 0 14.98 101325.0 0 15.08 59.58
1 1 1 1 8 40.733383 -74.026968 0 -0.12 0.31 -7.64 0 0 0 15.16 101325.0 0 15.26 60.0
1 1 1 1 7 40.733417 -74.027014 0 1.23 -1.96 -5.88 0 0 0 15.18 101325.0 0 15.28 61.07
1 1 1 1 10 40.733452 -74.027046 0 -0.94 1.82 -5.35 0 0 0 14.93 101325.0 0 15.03 60.94
1 1 1 1 7 40.733489 -74.027078 0 1.77 -0.37 -6.97 0 0 0 14.92 101325.0 0 15.02 58.66
1 1 1 1 8 40.733527 -74.027104 0 -1.58 1.59 -6.1 0 0 0 14.83 101325.0 0 14.93 60.27
1 1 1 1 7 40.733547 -74.027116 0 0.73 0.77 -6.82 0 0 0 14.72 101325.0 0 14.82 59.89
1 1 1 1 10 40.733594 -74.027129 0 -1.62 1.93 -5.76 0 0 0 15.07 101325.0 0 15.17 59.66
1 1 1 1 9 40.733614 -74.027161 0 1.36 1.61 -6.75 0 0 0 14.98 101325.0 0 15.08 61.57
1 1 1 1 9 40.733641 -74.027175 0 1.99 0.55 -5.44 0 0 0 14.82 101325.0 0 14.92 59.05
1 1 1 1 10 40.733689 -74.02719 0 1.61 0.14 -7.04 0 0 0 14.99 101325.0 0 15.09 61.8
1 1 1 1 10 40.733703 -74.027204 0 0.09 -1.38 -6.35 0 0 0 15.17 101325.0 0 15.27 58.6
1 1 1 1 9 40.733743 -74.027237 0 0.09 1.82 -5.95 0 0 0 15.17 101325.0 0 15.27 61.11
1 1 1 1 9 40.733759 -74.027266 0 1.8 0.83 -5.24 0 0 0 14.88 101325.0 0 14.98 60.3
1 1 1 1 10 40.73379 -74.027293 0 -0.33 1.56 -5.53 0 0 0 15.24 101325.0 0 15.34 61.38
1 1 1 1 9 40.73384 -74.027323 0 1.71 0.08 -6.61 0 0 0 14.74 101325.0 0 14.84 59.74
1 1 1 1 9 40.73387 -74.02737 0 0.46 0.95 -5.89 0 0 0 14.77 101325.0 0 14.87 59.84
1 1 1 1 7 40.733889 -74.027399 0 -1.78 -0.57 -7.3 0 0 0 14.77 101325.0 0 14.87 59.85
1 1 1 1 7 40.733927 -74.027446 0 1.04 1.91 -5.28 0 0 0 15.0 101325.0 0 15.1 60.49
1 1 1 1 9 40.733972 -74.02748 0 0.45 1.8 -5.57 0 0 0 15.2 101325.0 0 15.3 60.85
1 1 1 1 7 40.733991 -74.027525 0 -0.72 0.41 -6.54 0 0 0 15.26 101325.0 0 15.36 59.18
1 1 1 1 9 40.734014 -74.027537 0 1.47 1.35 -6.71 0 0 0 15.15 101325.0 0 15.25 58.45
1 1 1 1 8 40.73406 -74.027578 0 -1.56 -1.25 -7.69 0 0 0 15.28 101325.0 0 15.38 60.64
1 1 1 1 10 40.734103 -74.02761 0 1.26 0.69 -6.45 0 0 0 14.81 101325.0 0 14.91 58.9
1 1 1 1 7 40.734138 -74.027635 0 -1.62 1.4 -4.95 0 0 0 15.17 101325.0 0 15.27 60.93
1 1 1 1 7 40.734188 -74.027674 0 0.37 -1.13 -6.77 0 0 0 15.23 101325.0 0 15.33 59.6
1 1 1 1 8 40.734231 -74.027705 0 0.63 1.34 -6.52 0 0 0 15.3 101325.0 0 15.4 58.07
1 1 1 1 9 40.734275 -74.027739 0 0.67 -1.23 -5.89 0 0 0 15.23 101325.0 0 15.33 59.85
1 1 1 1 10 40.734305 -74.02775 0 1.51 -1.23 -6.33 0 0 0 15.19 101325.0 0 15.29 61.5
1 1 1 1 9 40.734318 -74.027797 0 0.28 1.75 -5.21 0 0 0 15.0 101325.0 0 15.1 59.65
1 1 1 1 8 40.734337 -74.027809 0 -1.7 1.33 -5.93 0 0 0 14.98 101325.0 0 15.08 60.98
1 1 1 1 8 40.734364 -74.027855 0 0.39 -0.08 -6.82 0 0 0 15.08 101325.0 0 15.18 60.3
1 1 1 1 9 40.734396 -74.027894 0 -0.53 0.7 -5.16 0 0 0 15.06 101325.0 0 15.16 60.54
1 1 1 1 7 40.734427 -74.027918 0 -0.15 -0.68 -5.93 0 0 0 14.86 101325.0 0 14.96 58.92
1 1 1 1 10 40.734439 -74.027942 0 -0.92 -1.67 -5.12 0 0 0 15.18 101325.0 0 15.28 59.23
1 1 1 1 7 40.73446 -74.027952 0 -1.72 -1.27 -6.88 0 0 0 15.11 101325.0 0 15.21 61.32
1 1 1 1 9 40.734501 -74.027963 0 -0.01 0.62 -4.9 0 0 0 14.93 101325.0 0 15.03 60.83
1 1 1 1 7 40.734542 -74.027993 0 0.58 -1.36 -7.2 0 0 0 14.87 101325.0 0 14.97 58.15
1 1 1 1 8 40.734573 -74.028017 0 -0.34 1.99 -7.04 0 0 0 15.1 101325.0 0 15.2 59.71
1 1 1 1 9 40.734623 -74.028044 0 -1.42 0.68 -6.45 0 0 0 15.06 101325.0 0 15.16 59.31
1 1 1 1 7 40.734661 -74.028076 0 -1.81 0.7 -6.42 0 0 0 15.14 101325.0 0 15.24 60.29
1 1 1 1 9 40.734686 -74.028108 0 0.85 -0.9 -7.14 0 0 0 15.18 101325.0 0 15.28 58.88
1 1 1 1 7 40.734717 -74.028155 0 1.09 0.38 -6.98 0 0 0 15.25 101325.0 0 15.35 58.02
1 1 1 1 10 40.73473 -74.028202 0 0.25 -1.61 -7.16 0 0 0 15.04 101325.0 0 15.14 59.74
1 1 1 1 9 40.734758 -74.028237 0 -1.31 0.27 -5.29 0 0 0 14.84 101325.0 0 14.94 61.3
1 1 1 1 10 40.734803 -74.028271 0 -0.4 -1.09 -6.52 0 0 0 14.99 101325.0 0 15.09 60.98
1 1 1 1 8 40.734828 -74.028283 0 -0.72 -0.6 -7.03 0 0 0 15.3 101325.0 0 15.4 58.21
1 1 1 1 7 40.734853 -74.028331 0 0.94 0.51 -5.08 0 0 0 14.78 101325.0 0 14.88 59.13
1 1 1 1 9 40.734887 -74.028343 0 1.45 1.45 -6.13 0 0 0 15.12 101325.0 0 15.22 61.62
1 1 1 1 9 40.734918 -74.02839 0 -1.97 1.24 -5.77 0 0 0 14.94 101325.0 0 15.04 60.9
1 1 1 1 8 40.73495 -74.028413 0 0.1 1.25 -6.26 0 0 0 14.97 101325.0 0 15.07 59.83
1 1 1 1 8 40.734985 -74.028434 0 -0.73 1.48 -7.19 0 0 0 14.98 101325.0 0 15.08 61.65
1 1 1 1 7 40.735026 -74.028451 0 -0.99 -1.31 -6.3 0 0 0 15.18 101325.0 0 15.28 59.86
1 1 1 1 8 40.735061 -74.028482 0 0.98 -1.91 -5.45 0 0 0 14.83 101325.0 0 14.93 59.62
1 1 1 1 10 40.735076 -74.028505 0 -1.24 1.98 -7.39 0 0 0 15.03 101325.0 0 15.13 59.15
1 1 1 1 8 40.735108 -74.028515 0 -1.87 -0.13 -7.14 0 0 0 14.77 101325.0 0 14.87 61.49
1 1 1 1 8 40.735137 -74.028555 0 0.59 0.06 -4.84 0 0 0 14.94 101325.0 0 15.04 61.87
1 1 1 1 9 40.735185 -74.028593 0 -0.62 -1.46 -7.24 0 0 0 14.98 101325.0 0 15.08 61.36
1 1 1 1 10 40.735222 -74.028634 0 1.71 0.52 -5.71 0 0 0 15.17 101325.0 0 15.27 58.27
1 1 1 1 9 40.735258 -74.028678 0 -1.36 -1.42 -6.78 0 0 0 14.89 101325.0 0 14.99 58.56
1 1 1 1 7 40.735286 -74.028703 0 -1.08 1.62 -7.69 0 0 0 14.77 101325.0 0 14.87 58.23
1 1 1 1 9 40.735309 -74.02872 0 0.43 -0.17 -4.82 0 0 0 15.3 101325.0 0 15.4 58.88
1 1 1 1 7 40.73534 -74.028733 0 -1.85 -1.03 -5.74 0 0 0 15.29 101325.0 0 15.39 58.36
1 1 1 1 8 40.735359 -74.028759 0 -0.21 1.59 -5.37 0 0 0 14.83 101325.0 0 14.93 61.01
1 1 1 1 10 40.735399 -74.028805 0 -1.47 -1.13 -7.17 0 0 0 15.14 101325.0 0 15.24 60.24
1 1 1 1 8 40.735418 -74.028823 0 -0.02 1.12 -5.31 0 0 0 14.8 101325.0 0 14.9 60.59
1 1 1 1 7 40.735462 -74.028869 0 -0.86 -0.92 -6.19 0 0 0 14.9 101325.0 0 15.0 60.17
1 1 1 1 9 40.735503 -74.02891 0 -0.89 -1.9 -7.77 0 0 0 14.94 101325.0 0 15.04 58.36
1 1 1 1 9 40.735521 -74.028926 0 -0.84 1.79 -6.46 0 0 0 14.93 101325.0 0 15.03 59.55
1 1 1 1 9 40.735538 -74.028972 0 0.75 0.12 -4.86 0 0 0 15.05 101325.0 0 15.15 61.43
1 1 1 1 9 40.73556 -74.02899 0 -1.96 -1.74 -6.66 0 0 0 14.98 101325.0 0 15.08 61.61
1 1 1 1 9 40.735599 -74.029021 0 -0.66 0.68 -5.82 0 0 0 14.84 101325.0 0 14.94 59.83
1 1 1 1 9 40.735622 -74.029035 0 1.53 -1.4 -7.54 0 0 0 15.06 101325.0 0 15.16 60.3
1 1 1 1 10 40.735653 -74.02907 0 1.56 0.44 -7.65 0 0 0 15.14 101325.0 0 15.24 58.01
1 1 1 1 9 40.735691 -74.029085 0 1.91 -1.49 -7.74 0 0 0 14.88 101325.0 0 14.98 58.04
1 1 1 1 7 40.735731 -74.029112 0 -1.66 0.13 -6.85 0 0 0 15.27 101325.0 0 15.37 61.84
1 1 1 1 9 40.73578 -74.029158 0 -1.34 0.42 -7.58 0 0 0 15.06 101325.0 0 15.16 58.82
1 1 1 1 8 40.735806 -74.029199 0 -0.1 -0.82 -7.7 0 0 0 14.74 101325.0 0 14.84 59.23
1 1 1 1 10 40.735828 -74.029237 0 -0.34 1.49 -6.12 0 0 0 15.21 101325.0 0 15.31 58.53
1 1 1 1 10 40.735874 -74.029265 0 -0.88 0.06 -5.52 0 0 0 14.9 101325.0 0 15.0 58.21
1 1 1 1 10 40.735914 -74.029289 0 1.63 1.64 -5.23 0 0 0 14.87 101325.0 0 14.97 59.43
1 1 1 1 7 40.735944 -74.029314 0 1.89 -1.72 -6.68 0 0 0 14.83 101325.0 0 14.93 61.69
1 1 1 1 7 40.735972 -74.029355 0 0.78 -1.62 -7.62 0 0 0 15.27 101325.0 0 15.37 60.18
1 1 1 1 8 40.735993 -74.029392 0 -0.57 0.99 -7.29 0 0 0 15.05 101325.0 0 15.15 60.33
1 1 1 1 7 40.73604 -74.029439 0 0.71 1.01 -6.65 0 0 0 15.15 101325.0 0 15.25 60.47
1 1 1 1 7 40.73607 -74.029458 0 0.32 -1.82 -4.81 0 0 0 14.92 101325.0 0 15.02 61.84
1 1 1 1 7 40.736114 -74.02947 0 -1.85 0.58 -5.93 0 0 0 15.24 101325.0 0 15.34 60.33
1 1 1 1 10 40.736162 -74.029488 0 -1.55 1.46 -7.25 0 0 0 15.19 101325.0 0 15.29 61.72
1 1 1 1 7 40.736177 -74.029512 0 0.56 1.16 -5.43 0 0 0 15.12 101325.0 0 15.22 59.45
1 1 1 1 8 40.736219 -74.029541 0 0.62 1.32 -4.98 0 0 0 15.01 101325.0 0 15.11 61.65
1 1 1 1 8 40.736248 -74.02956 0 -0.06 -0.48 -5.96 0 0 0 14.73 101325.0 0 14.83 59.26
1 1 1 1 10 40.736278 -74.029584 0 0.88 0.25 -6.19 0 0 0 14.76 101325.0 0 14.86 58.39
1 1 1 1 10 40.736322 -74.029608 0 -1.62 0.08 -5.24 0 0 0 14.71 101325.0 0 14.81 61.81
1 1 1 1 10 40.736345 -74.029627 0 -1.85 1.45 -7.35 0 0 0 15.04 101325.0 0 15.14 60.87
1 1 1 1 10 40.736389 -74.02965 0 -0.95 0.87 -7.79 0 0 0 14.73 101325.0 0 14.83 61.14
1 1 1 1 9 40.736419 -74.029671 0 1.7 0.24 -7.62 0 0 0 14.85 101325.0 0 14.95 60.43
1 1 1 1 7 40.736438 -74.0297 0 0.39 0.33 -5.78 0 0 0 15.12 101325.0 0 15.22 60.56
1 1 1 1 7 40.736477 -74.029729 0 -1.84 0.57 -7.61 0 0 0 14.93 101325.0 0 15.03 60.49
1 1 1 1 7 40.7365 -74.029767 0 1.54 -0.79 -7.06 0 0 0 15.2 101325.0 0 15.3 58.26
1 1 1 1 9 40.736534 -74.029788 0 0.42 -1.84 -7.5 0 0 0 14.83 101325.0 0 14.93 58.75
1 1 1 1 8 40.736575 -74.029802 0 -1.69 1.44 -7.49 0 0 0 15.14 101325.0 0 15.24 60.13
1 1 1 1 10 40.736592 -74.029819 0 -0.95 -1.2 -4.84 0 0 0 14.82 101325.0 0 14.92 60.13
1 1 1 1 9 40.736612 -74.029835 0 1.7 -0.11 -6.42 0 0 0 14.9 101325.0 0 15.0 59.56
1 1 1 1 9 40.736632 -74.029865 0 1.08 -0.53 -5.25 0 0 0 14.74 101325.0 0 14.84 61.64
1 1 1 1 8 40.73666 -74.029901 0 0.28 -1.66 -7.79 0 0 0 14.79 101325.0 0 14.89 60.91
1 1 1 1 9 40.736673 -74.029946 0 -1.27 0.34 -7.55 0 0 0 15.14 101325.0 0 15.24 61.53
1 1 1 1 9 40.736721 -74.029993 0 -0.68 -1.14 -7.46 0 0 0 15.0 101325.0 0 15.1 58.6
1 1 1 1 10 40.736732 -74.03003 0 1.68 0.62 -6.31 0 0 0 14.9 101325.0 0 15.0 60.46
1 1 1 1 10 40.736778 -74.030064 0 -1.72 1.5 -7.4 0 0 0 15.05 101325.0 0 15.15 58.84
1 1 1 1 8 40.736806 -74.030098 0 -1.43 1.43 -6.59 0 0 0 14.86 101325.0 0 14.96 60.59
1 1 1 1 9 40.736831 -74.030131 0 -0.28 -1.12 -6.79 0 0 0 15.07 101325.0 0 15.17 59.9
1 1 1 1 7 40.736847 -74.030153 0 -0.38 -1.69 -7.12 0 0 0 14.76 101325.0 0 14.86 61.39
1 1 1 1 10 40.736875 -74.030182 0 1.29 -1.6 -6.3 0 0 0 14.92 101325.0 0 15.02 58.18
1 1 1 1 10 40.736922 -74.030207 0 -1.9 -0.9 -6.48 0 0 0 15.04 101325.0 0 15.14 58.03
1 1 1 1 9 40.736969 -74.030242 0 1.85 0.12 -7.47 0 0 0 15.07 101325.0 0 15.17 60.69
1 1 1 1 9 40.737018 -74.030266 0 -0.51 -0.04 -6.0 0 0 0 14.92 101325.0 0 15.02 59.64
1 1 1 1 10 40.737054 -74.030299 0 -1.66 -1.49 -6.32 0 0 0 14.97 101325.0 0 15.07 61.33
1 1 1 1 8 40.737064 -74.030319 0 1.14 -1.95 -6.64 0 0 0 14.72 101325.0 0 14.82 59.56
1 1 1 1 8 40.737098 -74.030337 0 -0.23 1.57 -7.48 0 0 0 14.99 101325.0 0 15.09 58.1
1 1 1 1 7 40.737146 -74.030383 0 -1.86 0.73 -5.71 0 0 0 15.17 101325.0 0 15.27 61.42
1 1 1 1 9 40.737192 -74.030409 0 0.14 -0.32 -5.18 0 0 0 14.9 101325.0 0 15.0 59.34
1 1 1 1 10 40.73723 -74.030427 0 -1.14 0.54 -6.94 0 0 0 15.22 101325.0 0 15.32 60.81
1 1 1 1 7 40.737273 -74.030467 0 -1.47 1.33 -6.61 0 0 0 14.84 101325.0 0 14.94 60.98
1 1 1 1 9 40.737311 -74.030487 0 -0.29 -1.97 -7.52 0 0 0 15.0 101325.0 0 15.1 60.22
1 1 1 1 8 40.737349 -74.030519 0 -0.85 1.66 -4.93 0 0 0 14.93 101325.0 0 15.03 58.33
1 1 1 1 8 40.737386 -74.030555 0 -0.34 -1.16 -5.63 0 0 0 14.9 101325.0 0 15.0 60.44
1 1 1 1 10 40.737411 -74.0306 0 -0.09 1.51 -4.97 0 0 0 14.71 101325.0 0 14.81 60.66
1 1 1 1 10 40.737456 -74.030637 0 1.81 1.39 -6.63 0 0 0 15.06 101325.0 0 15.16 58.6
1 1 1 1 9 40.737472 -74.030675 0 -1.59 1.12 -6.14 0 0 0 15.08 101325.0 0 15.18 61.99
1 1 1 1 8 40.737512 -74.030723 0 0.02 -1.06 -6.24 0 0 0 14.94 101325.0 0 15.04 61.06
1 1 1 1 10 40.737545 -74.03074 0 -0.43 -1.95 -7.41 0 0 0 14.96 101325.0 0 15.06 59.06
1 1 1 1 9 40.737576 -74.030759 0 -0.55 0.87 -6.98 0 0 0 15.13 101325.0 0 15.23 61.2
1 1 1 1 7 40.737598 -74.030773 0 -0.44 1.48 -4.9 0 0 0 14.71 101325.0 0 14.81 58.35
1 1 1 1 7 40.73762 -74.030786 0 -0.1 1.83 -4.83 0 0 0 15.16 101325.0 0 15.26 61.01
1 1 1 1 9 40.737638 -74.030828 0 -1.21 -1.38 -7.7 0 0 0 15.17 101325.0 0 15.27 58.42
1 1 1 1 8 40.737667 -74.030871 0 0.7 0.74 -7.51 0 0 0 14.78 101325.0 0 14.88 60.36
1 1 1 1 7 40.737713 -74.030902 0 1.73 -0.91 -7.63 0 0 0 15.08 101325.0 0 15.18 58.2
1 1 1 1 9 40.737759 -74.03095 0 -1.85 -1.19 -4.94 0 0 0 14.96 101325.0 0 15.06 58.81
1 1 1 1 10 40.737799 -74.030998 0 0.45 -0.91 -5.13 0 0 0 14.81 101325.0 0 14.91 61.11
1 1 1 1 9 40.737828 -74.031029 0 -1.64 -1.84 -5.87 0 0 0 15.0 101325.0 0 15.1 58.54
1 1 1 1 7 40.737854 -74.031075 0 -0.13 -0.12 -6.55 0 0 0 15.26 101325.0 0 15.36 59.8
1 1 1 1 7 40.737894 -74.031101 0 0.95 -0.51 -6.85 0 0 0 15.01 101325.0 0 15.11 60.03
1 1 1 1 9 40.737926 -74.031129 0 -0.5 0.52 -5.05 0 0 0 15.28 101325.0 0 15.38 61.39
1 1 1 1 7 40.737951 -74.031169 0 -0.22 1.98 -6.92 0 0 0 14.8 101325.0 0 14.9 60.42
1 1 1 1 7 40.737984 -74.031215 0 -0.53 -0.85 -5.21 0 0 0 14.98 101325.0 0 15.08 59.17
1 1 1 1 9 40.738033 -74.031242 0 -1.94 -2.0 -6.02 0 0 0 14.97 101325.0 0 15.07 61.78
1 1 1 1 10 40.738045 -74.031275 0 0.08 -0.61 -6.55 0 0 0 14.97 101325.0 0 15.07 61.76
1 1 1 1 9 40.73806 -74.031321 0 -1.37 -0.55 -7.63 0 0 0 14.75 101325.0 0 14.85 58.76
1 1 1 1 9 40.738071 -74.031358 0 0.87 -0.15 -5.6 0 0 0 14.83 101325.0 0 14.93 58.64
1 1 1 1 8 40.738101 -74.031394 0 1.23 -1.17 -6.65 0 0 0 14.98 101325.0 0 15.08 61.65
1 1 1 1 8 40.738136 -74.031439 0 1.9 -0.82 -7.26 0 0 0 14.85 101325.0 0 14.95 60.39
1 1 1 1 7 40.738184 -74.031451 0 -1.76 1.78 -5.49 0 0 0 14.75 101325.0 0 14.85 58.95
1 1 1 1 7 40.738225 -74.031483 0 -1.63 1.8 -7.58 0 0 0 15.03 101325.0 0 15.13 60.43
1 1 1 1 9 40.738256 -74.031511 0 1.79 0.34 -5.72 0 0 0 15.2 101325.0 0 15.3 60.28
1 1 1 1 10 40.738288 -74.031544 0 -1.09 -0.57 -7.28 0 0 0 15.19 101325.0 0 15.29 60.58
1 1 1 1 10 40.738317 -74.031567 0 0.28 -1.03 -6.57 0 0 0 14.84 101325.0 0 14.94 60.11
1 1 1 1 7 40.738367 -74.031616 0 1.91 -1.87 -6.67 0 0 0 14.85 101325.0 0 14.95 59.56
1 1 1 1 7 40.738412 -74.031628 0 0.04 0.89 -6.85 0 0 0 14.81 101325.0 0 14.91 58.52
1 1 1 1 9 40.738461 -74.03164 0 -0.39 -0.36 -6.64 0 0 0 15.18 101325.0 0 15.28 59.08
1 1 1 1 10 40.738483 -74.031677 0 1.44 -1.38 -6.79 0 0 0 15.29 101325.0 0 15.39 61.9
1 1 1 1 8 40.738513 -74.031723 0 -1.8 1.14 -7.64 0 0 0 14.97 101325.0 0 15.07 61.87
1 1 1 1 9 40.738543 -74.031756 0 -1.22 0.89 -5.76 0 0 0 14.78 101325.0 0 14.88 61.14
1 1 1 1 8 40.738579 -74.031778 0 -1.1 0.64 -7.6 0 0 0 15.26 101325.0 0 15.36 59.28
1 1 1 1 7 40.738609 -74.031808 0 0.78 0.65 -5.5 0 0 0 14.91 101325.0 0 15.01 58.01
1 1 1 1 8 40.738628 -74.031824 0 -1.17 -1.66 -5.37 0 0 0 15.03 101325.0 0 15.13 59.59
1 1 1 1 7 40.73865 -74.031851 0 0.19 1.71 -7.01 0 0 0 15.18 101325.0 0 15.28 59.23
1 1 1 1 9 40.738676 -74.031885 0 1.34 -0.71 -5.1 0 0 0 15.05 101325.0 0 15.15 60.39
1 1 1 1 7 40.738705 -74.031917 0 -0.28 0.89 -6.07 0 0 0 14.97 101325.0 0 15.07 59.76
1 1 1 1 8 40.738731 -74.031957 0 -1.36 1.08 -7.75 0 0 0 15.28 101325.0 0 15.38 60.54
1 1 1 1 9 40.738743 -74.032002 0 -0.99 0.23 -7.29 0 0 0 15.14 101325.0 0 15.24 60.21
1 1 1 1 10 40.738765 -74.03203 0 0.04 1.6 -5.29 0 0 0 14.97 101325.0 0 15.07 60.64
1 1 1 1 10 40.738804 -74.032059 0 -1.35 0.75 -6.36 0 0 0 14.98 101325.0 0 15.08 60.53
1 1 1 1 10 40.738841 -74.032089 0 -0.6 -0.43 -6.69 0 0 0 15.23 101325.0 0 15.33 60.07
1 1 1 1 10 40.738862 -74.032127 0 -0.18 -1.63 -5.45 0 0 0 14.88 101325.0 0 14.98 61.09
1 1 1 1 7 40.738881 -74.032146 0 1.35 0.47 -5.95 0 0 0 14.74 101325.0 0 14.84 61.81
1 1 1 1 9 40.738906 -74.032168 0 0.85 0.53 -6.26 0 0 0 15.09 101325.0 0 15.19 58.66
1 1 1 1 7 40.738948 -74.032179 0 -0.6 -0.91 -4.92 0 0 0 14.93 101325.0 0 15.03 58.88
1 1 1 1 7 40.738975 -74.032205 0 0.76 -1.79 -5.97 0 0 0 15.03 101325.0 0 15.13 58.0
1 1 1 1 9 40.738994 -74.032237 0 0.3 -0.1 -7.26 0 0 0 14.87 101325.0 0 14.97 58.51
1 1 1 1 7 40.739035 -74.032278 0 -1.92 -0.68 -7.42 0 0 0 14.97 101325.0 0 15.07 60.8
1 1 1 1 7 40.73906 -74.032302 0 -0.61 -0.19 -4.98 0 0 0 15.01 101325.0 0 15.11 59.48
1 1 1 1 7 40.73907 -74.032338 0 0.38 -1.75 -7.68 0 0 0 14.9 101325.0 0 15.0 61.37
1 1 1 1 9 40.739118 -74.032385 0 0.97 -1.98 -5.59 0 0 0 14.77 101325.0 0 14.87 61.76
1 1 1 1 9 40.739159 -74.032419 0 -1.72 -1.5 -7.55 0 0 0 15.15 101325.0 0 15.25 59.46
1 1 1 1 7 40.739177 -74.03246 0 0.33 0.18 -7.7 0 0 0 14.78 101325.0 0 14.88 60.51
1 1 1 1 10 40.7392 -74.032482 0 -1.84 1.4 -5.65 0 0 0 14.86 101325.0 0 14.96 59.58
1 1 1 1 10 40.739222 -74.032502 0 1.58 0.82 -6.48 0 0 0 15.0 101325.0 0 15.1 61.64
1 1 1 1 9 40.739245 -74.03255 0 1.0 1.31 -6.43 0 0 0 15.14 101325.0 0 15.24 58.96
1 1 1 1 8 40.739272 -74.032567 0 -1.21 0.56 -7.35 0 0 0 15.16 101325.0 0 15.26 59.06
1 1 1 1 9 40.739301 -74.032582 0 -0.18 -1.17 -7.36 0 0 0 14.79 101325.0 0 14.89 60.55
1 1 1 1 9 40.739313 -74.032602 0 -1.74 -1.66 -7.52 0 0 0 15.3 101325.0 0 15.4 60.41
1 1 1 1 9 40.739326 -74.032631 0 -1.69 -0.64 -5.03 0 0 0 14.76 101325.0 0 14.86 61.3
1 1 1 1 10 40.739359 -74.03266 0 1.99 1.34 -6.41 0 0 0 14.72 101325.0 0 14.82 61.25
1 1 1 1 10 40.739378 -74.032693 0 1.76 0.81 -7.67 0 0 0 14.84 101325.0 0 14.94 58.94
1 1 1 1 9 40.739391 -74.032728 0 1.53 -1.81 -7.13 0 0 0 15.11 101325.0 0 15.21 58.12
1 1 1 1 7 40.739438 -74.032749 0 0.75 0.5 -6.25 0 0 0 15.22 101325.0 0 15.32 58.19
1 1 1 1 10 40.739461 -74.032774 0 -0.79 -0.73 -7.68 0 0 0 15.03 101325.0 0 15.13 58.07
1 1 1 1 8 40.739488 -74.032809 0 -0.99 0.67 -5.78 0 0 0 14.9 101325.0 0 15.0 58.1
1 1 1 1 7 40.739526 -74.032822 0 -0.24 0.51 -5.97 0 0 0 14.92 101325.0 0 15.02 61.84
1 1 1 1 9 40.739541 -74.032858 0 -0.42 1.29 -5.76 0 0 0 15.1 101325.0 0 15.2 61.05
1 1 1 1 8 40.739575 -74.032875 0 1.94 -1.11 -7.76 0 0 0 15.23 101325.0 0 15.33 59.42
1 1 1 1 9 40.739609 -74.032918 0 0.15 0.89 -6.6 0 0 0 15.21 101325.0 0 15.31 61.13
1 1 1 1 7 40.73963 -74.032961 0 1.48 1.4 -5.08 0 0 0 14.73 101325.0 0 14.83 58.78
1 1 1 1 7 40.739665 -74.032993 0 1.74 -0.6 -6.53 0 0 0 15.06 101325.0 0 15.16 59.16
1 1 1 1 10 40.739707 -74.03304 0 -1.75 -0.14 -6.79 0 0 0 15.18 101325.0 0 15.28 58.58
1 1 1 1 7 40.739737 -74.033082 0 -0.12 -0.8 -7.46 0 0 0 14.96 101325.0 0 15.06 61.33
1 1 1 1 9 40.739754 -74.033123 0 1.41 1.98 -5.15 0 0 0 14.86 101325.0 0 14.96 60.43
1 1 1 1 8 40.739782 -74.033143 0 -0.02 -0.55 -7.78 0 0 0 14.77 101325.0 0 14.87 60.91
1 1 1 1 9 40.739811 -74.033189 0 -1.97 0.16 -5.68 0 0 0 15.29 101325.0 0 15.39 59.24
1 1 1 1 7 40.739835 -74.033226 0 0.49 1.71 -5.07 0 0 0 15.23 101325.0 0 15.33 59.09
1 1 1 1 7 40.739864 -74.03325 0 -0.57 0.9 -6.09 0 0 0 15.17 101325.0 0 15.27 60.38
1 1 1 1 10 40.739886 -74.033296 0 -0.56 1.43 -7.79 0 0 0 14.91 101325.0 0 15.01 61.76
1 1 1 1 7 40.739916 -74.033334 0 -0.59 -0.83 -7.04 0 0 0 14.98 101325.0 0 15.08 61.94
1 1 1 1 10 40.739934 -74.033346 0 -0.69 1.02 -4.9 0 0 0 15.06 101325.0 0 15.16 58.66
1 1 1 1 9 40.739969 -74.033365 0 1.61 0.72 -5.24 0 0 0 15.15 101325.0 0 15.25 58.37
1 1 1 1 9 40.740019 -74.033397 0 -0.73 -0.99 -7.35 0 0 0 14.98 101325.0 0 15.08 58.92
1 1 1 1 10 40.740062 -74.033443 0 -1.09 -0.23 -6.26 0 0 0 15.01 101325.0 0 15.11 60.03
1 1 1 1 8 40.740093 -74.033465 0 0.26 -0.45 -7.54 0 0 0 14.8 101325.0 0 14.9 61.97
1 1 1 1 9 40.740111 -74.033482 0 -0.55 1.6 -7.62 0 0 0 15.15 101325.0 0 15.25 60.81
1 1 1 1 9 40.740152 -74.033509 0 -1.08 1.59 -5.01 0 0 0 14.73 101325.0 0 14.83 58.57
1 1 1 1 10 40.740185 -74.033522 0 0.56 -1.67 -6.66 0 0 0 14.89 101325.0 0 14.99 59.79
1 1 1 1 10 40.740212 -74.033568 0 -1.52 0.83 -6.13 0 0 0 14.76 101325.0 0 14.86 59.9
1 1 1 1 8 40.740229 -74.03358 0 1.38 -0.01 -5.97 0 0 0 14.78 101325.0 0 14.88 58.58
1 1 1 1 10 40.740264 -74.033619 0 -0.83 -0.58 -4.97 0 0 0 15.08 101325.0 0 15.18 59.86
1 1 1 1 10 40.740299 -74.03363 0 -1.79 -0.63 -5.46 0 0 0 15.26 101325.0 0 15.36 60.33
1 1 1 1 9 40.740339 -74.033672 0 -0.69 0.69 -5.28 0 0 0 15.15 101325.0 0 15.25 61.13
1 1 1 1 10 40.740381 -74.033692 0 -1.56 -1.93 -7.43 0 0 0 14.86 101325.0 0 14.96 59.17
1 1 1 1 9 40.740402 -74.033727 0 0.35 1.15 -6.38 0 0 0 15.01 101325.0 0 15.11 61.93
1 1 1 1 8 40.740444 -74.033739 0 -1.66 -0.38 -7.54 0 0 0 15.24 101325.0 0 15.34 58.83
1 1 1 1 8 40.740456 -74.033773 0 1.58 1.25 -5.83 0 0 0 14.91 101325.0 0 15.01 61.39
1 1 1 1 7 40.740491 -74.033789 0 -0.69 1.93 -6.75 0 0 0 14.76 101325.0 0 14.86 58.27
1 1 1 1 9 40.740508 -74.033823 0 -0.98 0.8 -6.29 0 0 0 14.84 101325.0 0 14.94 60.09
1 1 1 1 9 40.740529 -74.033848 0 -1.73 -1.75 -4.88 0 0 0 15.18 101325.0 0 15.28 58.06
1 1 1 1 9 40.740573 -74.033887 0 0.77 -0.62 -7.14 0 0 0 14.9 101325.0 0 15.0 58.65
1 1 1 1 8 40.740607 -74.03393 0 1.38 -0.93 -6.14 0 0 0 14.76 101325.0 0 14.86 61.34
1 1 1 1 8 40.740656 -74.03398 0 -0.82 0.12 -5.02 0 0 0 14.93 101325.0 0 15.03 60.89
1 1 1 1 10 40.740694 -74.034008 0 0.81 -1.39 -7.18 0 0 0 14.74 101325.0 0 14.84 59.56
1 1 1 1 10 40.740715 -74.034033 0 -0.81 -0.48 -6.23 0 0 0 15.01 101325.0 0 15.11 61.3
1 1 1 1 8 40.740739 -74.034058 0 -1.26 -1.41 -5.54 0 0 0 15.09 101325.0 0 15.19 61.37
1 1 1 1 8 40.740788 -74.034102 0 1.91 0.9 -5.59 0 0 0 14.93 101325.0 0 15.03 60.12
1 1 1 1 9 40.740802 -74.03413 0 -0.62 -0.14 -6.9 0 0 0 15.13 101325.0 0 15.23 58.66
1 1 1 1 7 40.740838 -74.034149 0 -1.7 1.92 -5.92 0 0 0 14.83 101325.0 0 14.93 61.62
1 1 1 1 10 40.740884 -74.03418 0 -1.66 0.34 -5.16 0 0 0 15.09 101325.0 0 15.19 60.32
1 1 1 1 7 40.740927 -74.0342 0 -0.81 1.67 -5.22 0 0 0 15.28 101325.0 0 15.38 58.64
1 1 1 1 7 40.74096 -74.034245 0 1.45 -1.06 -5.1 0 0 0 15.05 101325.0 0 15.15 58.62
1 1 1 1 9 40.740976 -74.034258 0 -1.2 1.11 -7.33 0 0 0 14.99 101325.0 0 15.09 59.14
1 1 1 1 10 40.741026 -74.034274 0 -1.86 1.56 -6.45 0 0 0 14.94 101325.0 0 15.04 61.22
1 1 1 1 8 40.741052 -74.034314 0 1.22 -0.4 -7.05 0 0 0 15.26 101325.0 0 15.36 61.47
1 1 1 1 7 40.74109 -74.034361 0 -0.73 -0.49 -7.58 0 0 0 14.87 101325.0 0 14.97 61.38
1 1 1 1 10 40.741139 -74.034398 0 -1.13 -1.87 -5.96 0 0 0 15.01 101325.0 0 15.11 60.35
1 1 1 1 10 40.741155 -74.034435 0 1.05 -0.52 -7.36 0 0 0 14.78 101325.0 0 14.88 60.57
1 1 1 1 9 40.7412 -74.034474 0 -1.46 1.07 -6.63 0 0 0 14.73 101325.0 0 14.83 58.59
1 1 1 1 9 40.741228 -74.03449 0 -1.28 0.88 -7.1 0 0 0 14.82 101325.0 0 14.92 59.57
1 1 1 1 7 40.741263 -74.034521 0 0.21 1.29 -6.26 0 0 0 15.12 101325.0 0 15.22 58.37
1 1 1 1 10 40.7413 -74.034537 0 1.2 -0.6 -7.35 0 0 0 14.71 101325.0 0 14.81 58.52
1 1 1 1 10 40.741334 -74.03455 0 1.59 1.69 -7.4 0 0 0 14.81 101325.0 0 14.91 59.68
1 1 1 1 7 40.741366 -74.034571 0 -0.83 1.1 -6.79 0 0 0 15.22 101325.0 0 15.32 61.68
1 1 1 1 10 40.741408 -74.034583 0 -0.16 1.48 -7.67 0 0 0 15.1 101325.0 0 15.2 61.71
1 1 1 1 9 40.741423 -74.034618 0 -0.01 -1.23 -7.62 0 0 0 14.88 101325.0 0 14.98 61.21
1 1 1 1 8 40.741433 -74.034666 0 -0.48 -1.53 -6.45 0 0 0 15.3 101325.0 0 15.4 58.56
1 1 1 1 10 40.74147 -74.034696 0 1.73 1.13 -7.41 0 0 0 15.02 101325.0 0 15.12 59.75
1 1 1 1 7 40.74151 -74.034715 0 0.56 1.41 -6.46 0 0 0 15.01 101325.0 0 15.11 59.94
1 1 1 1 7 40.741533 -74.034728 0 1.68 1.67 -6.42 0 0 0 14.82 101325.0 0 14.92 60.69
1 1 1 1 7 40.741548 -74.034742 0 -0.46 0.52 -6.32 0 0 0 15.08 101325.0 0 15.18 60.86
1 1 1 1 8 40.741582 -74.034787 0 1.08 0.84 -5.84 0 0 0 14.81 101325.0 0 14.91 61.56
1 1 1 1 10 40.74162 -74.03481 0 1.94 -0.02 -7.04 0 0 0 15.3 101325.0 0 15.4 60.07
1 1 1 1 10 40.741651 -74.034825 0 1.44 -0.78 -5.8 0 0 0 14.94 101325.0 0 15.04 61.11
1 1 1 1 9 40.741677 -74.03485 0 -0.07 -0.76 -6.51 0 0 0 14.7 101325.0 0 14.8 59.34
1 1 1 1 10 40.741714 -74.0349 0 -0.4 -0.68 -6.65 0 0 0 15.13 101325.0 0 15.23 60.41
1 1 1 1 8 40.741752 -74.034919 0 -0.64 1.4 -7.39 0 0 0 14.97 101325.0 0 15.07 61.82
1 1 1 1 9 40.74178 -74.034941 0 -1.55 1.39 -7.62 0 0 0 15.17 101325.0 0 15.27 61.46
1 1 1 1 10 40.741822 -74.034987 0 -0.07 0.98 -5.96 0 0 0 14.74 101325.0 0 14.84 61.36
1 1 1 1 8 40.741868 -74.035032 0 -1.83 -0.79 -7.06 0 0 0 15.3 101325.0 0 15.4 61.82
1 1 1 1 10 40.741883 -74.035081 0 -0.92 -0.95 -6.58 0 0 0 15.14 101325.0 0 15.24 59.89
1 1 1 1 10 40.74192 -74.035109 0 -0.81 1.57 -6.68 0 0 0 15.08 101325.0 0 15.18 60.26
1 1 1 1 9 40.741954 -74.035152 0 1.51 -0.48 -5.98 0 0 0 14.98 101325.0 0 15.08 60.07
1 1 1 1 10 40.741989 -74.035187 0 -1.69 1.51 -7.33 0 0 0 14.98 101325.0 0 15.08 58.9
1 1 1 1 8 40.742036 -74.035213 0 0.2 -0.51 -6.93 0 0 0 14.88 101325.0 0 14.98 61.63
1 1 1 1 10 40.742048 -74.035261 0 -0.0 -0.02 -5.85 0 0 0 14.75 101325.0 0 14.85 60.46
1 1 1 1 9 40.742081 -74.035293 0 0.94 -0.73 -6.72 0 0 0 15.22 101325.0 0 15.32 61.06
1 1 1 1 10 40.742098 -74.035335 0 -1.35 0.03 -7.75 0 0 0 14.78 101325.0 0 14.88 59.66
1 1 1 1 8 40.742115 -74.035356 0 1.48 1.22 -7.68 0 0 0 15.1 101325.0 0 15.2 58.86
1 1 1 1 10 40.742139 -74.035377 0 0.02 0.37 -5.35 0 0 0 14.78 101325.0 0 14.88 60.83
1 1 1 1 8 40.742155 -74.03542 0 -0.08 1.05 -5.24 0 0 0 14.75 101325.0 0 14.85 61.17
1 1 1 1 9 40.742192 -74.03545 0 0.22 -0.63 -5.0 0 0 0 15.09 101325.0 0 15.19 59.23
1 1 1 1 10 40.742207 -74.035499 0 1.14 0.64 -6.84 0 0 0 15.14 101325.0 0 15.24 58.61
1 1 1 1 9 40.742252 -74.035516 0 -1.37 -0.2 -6.92 0 0 0 14.79 101325.0 0 14.89 58.79
1 1 1 1 8 40.742297 -74.035562 0 -0.48 -1.19 -7.55 0 0 0 15.02 101325.0 0 15.12 61.94
1 1 1 1 8 40.742331 -74.035602 0 -0.85 -1.76 -5.0 0 0 0 15.21 101325.0 0 15.31 59.58
1 1 1 1 10 40.742348 -74.035636 0 -1.71 0.38 -5.96 0 0 0 14.72 101325.0 0 14.82 59.05
1 1 1 1 8 40.742392 -74.035681 0 -0.54 -0.26 -7.74 0 0 0 15.25 101325.0 0 15.35 59.79
1 1 1 1 7 40.742436 -74.035711 0 1.92 2.0 -7.05 0 0 0 15.21 101325.0 0 15.31 59.43
1 1 1 1 9 40.742481 -74.035739 0 -0.32 0.17 -5.76 0 0 0 15.26 101325.0 0 15.36 59.82
1 1 1 1 9 40.742523 -74.035779 0 -1.07 -1.24 -5.04 0 0 0 14.97 101325.0 0 15.07 60.79
1 1 1 1 10 40.742565 -74.035799 0 -1.38 -0.39 -5.16 0 0 0 14.85 101325.0 0 14.95 60.34
1 1 1 1 7 40.742589 -74.035809 0 -0.02 0.68 -7.24 0 0 0 14.92 101325.0 0 15.02 58.29
1 1 1 1 8 40.742621 -74.035827 0 -1.2 -0.96 -6.24 0 0 0 15.13 101325.0 0 15.23 60.46
1 1 1 1 7 40.742636 -74.035837 0 -0.74 1.94 -7.67 0 0 0 15.01 101325.0 0 15.11 61.29
1 1 1 1 7 40.742649 -74.035864 0 -0.55 -0.84 -7.62 0 0 0 15.17 101325.0 0 15.27 59.14
1 1 1 1 7 40.742683 -74.035911 0 1.89 -0.99 -6.1 0 0 0 15.3 101325.0 0 15.4 61.69
1 1 1 1 10 40.742717 -74.035945 0 -0.89 0.39 -4.99 0 0 0 15.2 101325.0 0 15.3 58.35
1 1 1 1 8 40.742754 -74.035979 0 -0.85 1.17 -7.59 0 0 0 15.11 101325.0 0 15.21 61.2
1 1 1 1 9 40.742794 -74.036006 0 0.9 -1.23 -4.93 0 0 0 15.2 101325.0 0 15.3 61.7
1 1 1 1 7 40.742835 -74.036036 0 -1.94 -1.38 -4.86 0 0 0 15.22 101325.0 0 15.32 61.93
1 1 1 1 9 40.74286 -74.036078 0 0.79 -0.38 -5.84 0 0 0 15.06 101325.0 0 15.16 61.94
1 1 1 1 9 40.742883 -74.03612 0 -1.84 -0.62 -6.02 0 0 0 15.3 101325.0 0 15.4 61.29
1 1 1 1 7 40.742928 -74.036151 0 1.55 0.92 -5.64 0 0 0 14.88 101325.0 0 14.98 61.93
1 1 1 1 8 40.742945 -74.036166 0 -1.3 -0.95 -5.01 0 0 0 14.85 101325.0 0 14.95 60.17
1 1 1 1 8 40.742984 -74.036209 0 0.07 -1.47 -7.62 0 0 0 15.04 101325.0 0 15.14 61.74
1 1 1 1 8 40.742997 -74.036227 0 1.47 0.54 -6.47 0 0 0 14.71 101325.0 0 14.81 61.47
1 1 1 1 10 40.743045 -74.036269 0 1.65 -1.27 -6.29 0 0 0 15.02 101325.0 0 15.12 61.35
1 1 1 1 10 40.743083 -74.03631 0 -1.15 -1.94 -5.98 0 0 0 14.73 101325.0 0 14.83 58.14
1 1 1 1 9 40.743125 -74.036356 0 1.26 -0.46 -7.61 0 0 0 15.15 101325.0 0 15.25 61.91
1 1 1 1 9 40.743156 -74.036399 0 -0.7 -0.45 -6.99 0 0 0 14.94 101325.0 0 15.04 60.79
1 1 1 1 9 40.743169 -74.036419 0 -1.45 1.31 -5.17 0 0 0 14.98 101325.0 0 15.08 58.52
1 1 1 1 9 40.743179 -74.036462 0 -0.08 0.98 -5.05 0 0 0 14.95 101325.0 0 15.05 59.91
1 1 1 1 7 40.743214 -74.036504 0 -1.59 1.27 -6.09 0 0 0 14.74 101325.0 0 14.84 60.62
1 1 1 1 9 40.74325 -74.036546 0 -1.59 -1.98 -6.55 0 0 0 14.85 101325.0 0 14.95 59.38
1 1 1 1 8 40.743297 -74.036584 0 1.99 1.35 -5.96 0 0 0 15.08 101325.0 0 15.18 61.57
1 1 1 1 7 40.743319 -74.036614 0 0.1 0.26 -7.42 0 0 0 15.22 101325.0 0 15.32 61.93
1 1 1 1 7 40.743357 -74.036659 0 -1.54 -0.07 -5.77 0 0 0 14.92 101325.0 0 15.02 60.54
1 1 1 1 7 40.743375 -74.036681 0 0.52 -1.36 -7.47 0 0 0 15.17 101325.0 0 15.27 60.64
1 1 1 1 8 40.743423 -74.036731 0 1.77 -1.67 -5.32 0 0 0 14.87 101325.0 0 14.97 58.95
1 1 1 1 7 40.743458 -74.036777 0 -0.84 -0.22 -5.87 0 0 0 15.23 101325.0 0 15.33 58.86
1 1 1 1 8 40.743495 -74.036816 0 0.43 0.41 -5.01 0 0 0 14.92 101325.0 0 15.02 59.07
1 1 1 1 8 40.743515 -74.036865 0 -0.32 -0.33 -4.88 0 0 0 14.7 101325.0 0 14.8 59.41
1 1 1 1 9 40.743561 -74.036898 0 1.85 -1.99 -6.75 0 0 0 15.15 101325.0 0 15.25 59.14
1 1 1 1 8 40.743601 -74.036924 0 1.51 0.81 -6.32 0 0 0 14.77 101325.0 0 14.87 60.01
